Cars 0.0875 0.5205078125 0.0875 0.0830078125
Cars 0.309375 0.4892578125 0.01875 0.0185546875
Cars 0.390625 0.4853515625 0.0125 0.0126953125
Cars 0.5046875 0.4990234375 0.0234375 0.0263671875
Cars 0.53515625 0.501953125 0.02265625 0.03515625
Cars 0.584375 0.5126953125 0.0515625 0.0439453125
Cars 0.33515625 0.4873046875 0.01328125 0.0146484375
Cars 0.3625 0.4853515625 0.0109375 0.0146484375
Cars 0.465625 0.48828125 0.0125 0.015625
Cars 0.44921875 0.478515625 0.01015625 0.01171875
Bicycles 0.23515625 0.5087890625 0.02890625 0.0185546875
