People 0.87265625 0.4951171875 0.01015625 0.0478515625
Cars 0.9046875 0.4697265625 0.046875 0.0439453125
Cars 0.8078125 0.46875 0.0265625 0.044921875
Cars 0.6 0.474609375 0.025 0.029296875
Cars 0.5734375 0.4404296875 0.0109375 0.0107421875
Cars 0.53515625 0.439453125 0.00859375 0.009765625
Cars 0.5296875 0.490234375 0.0421875 0.04296875
Cars 0.46953125 0.4599609375 0.01328125 0.0185546875
Cars 0.4359375 0.4833984375 0.0359375 0.0341796875
Cars 0.39921875 0.47265625 0.01015625 0.01171875
Cars 0.3671875 0.4912109375 0.0296875 0.0341796875
