Cars 0.1765625 0.505859375 0.0609375 0.046875
Cars 0.32265625 0.5068359375 0.04140625 0.0419921875
Cars 0.4140625 0.4716796875 0.021875 0.0263671875
Cars 0.44296875 0.4658203125 0.01171875 0.0224609375
Cars 0.51875 0.4501953125 0.0171875 0.0146484375
Cars 0.9578125 0.791015625 0.0390625 0.123046875
Cars 0.7984375 0.5830078125 0.10625 0.0830078125
Cars 0.71171875 0.53515625 0.06171875 0.056640625
Cars 0.65703125 0.5009765625 0.03671875 0.0478515625
Cars 0.02578125 0.51171875 0.02578125 0.05078125
Cars 0.05546875 0.486328125 0.05546875 0.052734375
Cars 0.11953125 0.4599609375 0.02421875 0.0205078125
Cars 0.15390625 0.4404296875 0.03984375 0.0166015625
Cars 0.2234375 0.478515625 0.0546875 0.041015625
Cars 0.6046875 0.470703125 0.025 0.033203125
Cars 0.4640625 0.4462890625 0.0171875 0.0166015625
