Cars 0.02734375 0.55859375 0.02734375 0.07421875
Cars 0.05234375 0.49609375 0.05078125 0.072265625
Cars 0.365625 0.458984375 0.0875 0.0625
Cars 0.46171875 0.490234375 0.03359375 0.05078125
Cars 0.56953125 0.48046875 0.09140625 0.068359375
Cars 0.778125 0.4990234375 0.1328125 0.0771484375
People 0.859375 0.431640625 0.0203125 0.037109375
People 0.1765625 0.48828125 0.0171875 0.06640625
People 0.1484375 0.48828125 0.0203125 0.0859375
People 0.26953125 0.4775390625 0.01484375 0.0478515625
Cars 0.2546875 0.4755859375 0.0140625 0.0341796875
Cars 0.225 0.478515625 0.0203125 0.029296875
People 0.1140625 0.4716796875 0.009375 0.0322265625
