People 0.921875 0.5263671875 0.034375 0.1396484375
People 0.8015625 0.51953125 0.03125 0.12109375
Cars 0.8546875 0.4912109375 0.0203125 0.0185546875
Cars 0.74375 0.4873046875 0.0125 0.0224609375
Cars 0.71484375 0.4912109375 0.01796875 0.0244140625
Cars 0.64453125 0.4736328125 0.04296875 0.0341796875
Cars 0.57578125 0.4736328125 0.02109375 0.0380859375
Cars 0.50546875 0.478515625 0.01640625 0.021484375
Cars 0.47109375 0.478515625 0.01484375 0.01953125
Cars 0.4421875 0.4697265625 0.0140625 0.0166015625
Cars 0.25390625 0.48046875 0.02265625 0.0234375
Cars 0.21015625 0.4873046875 0.02109375 0.0341796875
Cars 0.3484375 0.5185546875 0.1078125 0.0751953125
Cars 0.0984375 0.5244140625 0.0984375 0.0849609375
