Bicycles 0.58203125 0.529296875 0.01640625 0.048828125
Bicycles 0.4875 0.533203125 0.009375 0.046875
Bicycles 0.453125 0.5048828125 0.0078125 0.0302734375
People 0.94375 0.4453125 0.0171875 0.05859375
People 0.97890625 0.439453125 0.01953125 0.064453125
People 0.80234375 0.453125 0.01015625 0.037109375
People 0.078125 0.470703125 0.0171875 0.060546875
People 0.0140625 0.4765625 0.0140625 0.05859375
Cars 0.2515625 0.490234375 0.0453125 0.037109375
Cars 0.2953125 0.48046875 0.0171875 0.029296875
Cars 0.3125 0.4775390625 0.0140625 0.0263671875
Bicycles 0.97421875 0.56640625 0.02421875 0.06640625
Bicycles 0.69375 0.4990234375 0.01875 0.0419921875
Bicycles 0.6640625 0.4912109375 0.0140625 0.0380859375
Bicycles 0.6265625 0.4970703125 0.0125 0.0361328125
People 0.58125 0.4775390625 0.0203125 0.0869140625
People 0.53828125 0.4599609375 0.00859375 0.0244140625
People 0.48828125 0.4853515625 0.01796875 0.0771484375
People 0.45234375 0.4541015625 0.01171875 0.0263671875
Cars 0.3859375 0.462890625 0.0109375 0.009765625
People 0.1984375 0.4697265625 0.0078125 0.0283203125
