Cars 0.909375 0.4697265625 0.04375 0.0439453125
Cars 0.8515625 0.4794921875 0.021875 0.0263671875
Cars 0.53984375 0.58984375 0.18828125 0.171875
Cars 0.31015625 0.4658203125 0.02734375 0.0283203125
People 0.74375 0.4853515625 0.015625 0.0478515625
People 0.171875 0.51171875 0.01875 0.05859375
People 0.13515625 0.509765625 0.01796875 0.060546875
People 0.11328125 0.513671875 0.02265625 0.052734375
People 0.0390625 0.505859375 0.0265625 0.05859375
People 0.71640625 0.505859375 0.01484375 0.0390625
People 0.71171875 0.4521484375 0.01171875 0.0283203125
People 0.678125 0.458984375 0.0125 0.02734375
