Cars 0.1125 0.5546875 0.1078125 0.10546875
Cars 0.52578125 0.52734375 0.04765625 0.046875
Cars 0.2453125 0.48828125 0.0328125 0.03125
People 0.1453125 0.4482421875 0.015625 0.0224609375
People 0.1828125 0.4482421875 0.01875 0.0302734375
Cars 0.9140625 0.54296875 0.078125 0.02734375
Cars 0.3109375 0.4833984375 0.021875 0.0224609375
Cars 0.34375 0.4833984375 0.0140625 0.0166015625
Cars 0.278125 0.4853515625 0.0125 0.0263671875
Cars 0.41328125 0.4892578125 0.01328125 0.0126953125
Cars 0.4921875 0.5029296875 0.0359375 0.0361328125
Cars 0.4671875 0.4921875 0.0171875 0.02734375
People 0.43828125 0.48828125 0.00703125 0.015625
People 0.38984375 0.486328125 0.00703125 0.01953125
People 0.37890625 0.484375 0.00703125 0.01953125
People 0.36953125 0.4853515625 0.00859375 0.0205078125
Cars 0.9078125 0.51171875 0.0765625 0.033203125
Cars 0.7875 0.5712890625 0.078125 0.0634765625
