Cars 0.43203125 0.478515625 0.03671875 0.041015625
Cars 0.41484375 0.466796875 0.03515625 0.0390625
Cars 0.11875 0.482421875 0.04375 0.03515625
Cars 0.16796875 0.455078125 0.02890625 0.03125
People 0.8453125 0.5068359375 0.025 0.0537109375
People 0.68515625 0.49609375 0.01796875 0.0546875
People 0.30078125 0.4443359375 0.01171875 0.0263671875
People 0.246875 0.4560546875 0.0140625 0.0302734375
People 0.21875 0.4560546875 0.0109375 0.0322265625
People 0.20078125 0.453125 0.01015625 0.0390625
Dogs 0.796875 0.5341796875 0.015625 0.0126953125
Dogs 0.71953125 0.5400390625 0.01640625 0.0205078125
Cars 0.0734375 0.44921875 0.0171875 0.0234375
Cars 0.025 0.4599609375 0.025 0.0322265625
Cars 0.37890625 0.4560546875 0.01328125 0.0283203125
Cars 0.36484375 0.451171875 0.01015625 0.01953125
