Bicycles 0.86015625 0.5439453125 0.03046875 0.0498046875
Bicycles 0.96484375 0.576171875 0.03046875 0.05859375
People 0.6921875 0.470703125 0.0140625 0.0390625
People 0.66484375 0.4697265625 0.01328125 0.0458984375
People 0.53359375 0.4677734375 0.01484375 0.0361328125
People 0.38359375 0.474609375 0.01484375 0.03515625
People 0.32421875 0.4775390625 0.01171875 0.0361328125
People 0.3078125 0.4658203125 0.0125 0.0322265625
People 0.259375 0.4775390625 0.0171875 0.0322265625
People 0.2015625 0.46875 0.0140625 0.029296875
Cars 0.56328125 0.453125 0.02109375 0.01953125
Cars 0.459375 0.4384765625 0.0125 0.0146484375
Bicycles 0.76484375 0.5732421875 0.07578125 0.0576171875
People 0.1546875 0.4609375 0.0109375 0.017578125
People 0.1765625 0.455078125 0.009375 0.015625
People 0.41796875 0.4453125 0.01015625 0.017578125
Bicycles 0.25390625 0.5078125 0.02421875 0.015625
