People 0.978125 0.5029296875 0.0203125 0.0751953125
People 0.8421875 0.4814453125 0.0125 0.0458984375
Cars 0.73671875 0.4853515625 0.02421875 0.0205078125
Cars 0.73125 0.4482421875 0.025 0.0166015625
People 0.68515625 0.4716796875 0.00546875 0.0244140625
People 0.6734375 0.4765625 0.009375 0.029296875
People 0.6546875 0.46484375 0.009375 0.0234375
People 0.63671875 0.46484375 0.01015625 0.021484375
People 0.61875 0.46875 0.009375 0.025390625
Cars 0.5625 0.4755859375 0.0234375 0.0224609375
Cars 0.52578125 0.4677734375 0.01328125 0.0146484375
Cars 0.4875 0.4658203125 0.021875 0.0126953125
Cars 0.44140625 0.4638671875 0.01640625 0.0166015625
Cars 0.384375 0.4658203125 0.01875 0.0224609375
Cars 0.34453125 0.4677734375 0.01171875 0.0146484375
Cars 0.30390625 0.466796875 0.02578125 0.02734375
People 0.03671875 0.474609375 0.01015625 0.02734375
People 0.078125 0.490234375 0.0109375 0.025390625
Cars 0.11171875 0.4755859375 0.04296875 0.0322265625
