People 0.7796875 0.458984375 0.0125 0.048828125
People 0.75078125 0.46484375 0.01015625 0.04296875
People 0.7390625 0.4521484375 0.009375 0.0439453125
People 0.71953125 0.4599609375 0.01171875 0.0458984375
People 0.67421875 0.42578125 0.00703125 0.013671875
People 0.59765625 0.443359375 0.00703125 0.025390625
Cars 0.4671875 0.45703125 0.040625 0.05078125
Cars 0.41640625 0.451171875 0.01171875 0.013671875
Cars 0.38125 0.4609375 0.034375 0.029296875
People 0.15625 0.4482421875 0.00625 0.0224609375
Cars 0.07890625 0.5302734375 0.07890625 0.1708984375
