People 0.5984375 0.4814453125 0.053125 0.1474609375
Bicycles 0.5859375 0.5966796875 0.015625 0.0615234375
Bicycles 0.63359375 0.6171875 0.02109375 0.068359375
Cars 0.8640625 0.5703125 0.13125 0.169921875
Cars 0.6859375 0.48828125 0.0421875 0.08203125
Cars 0.48984375 0.47265625 0.03515625 0.03515625
Cars 0.31640625 0.455078125 0.01171875 0.013671875
Cars 0.15234375 0.4736328125 0.06328125 0.0478515625
Cars 0.78671875 0.44921875 0.03046875 0.033203125
Cars 0.33515625 0.4541015625 0.01171875 0.0126953125
