Cars 0.35390625 0.625 0.25390625 0.234375
People 0.98046875 0.4736328125 0.01796875 0.0810546875
People 0.8921875 0.4755859375 0.0234375 0.0810546875
People 0.9359375 0.4755859375 0.0203125 0.0849609375
People 0.7140625 0.5458984375 0.06875 0.1298828125
Bicycles 0.7015625 0.61328125 0.0234375 0.09375
People 0.0125 0.4677734375 0.0125 0.0224609375
People 0.540625 0.455078125 0.0125 0.021484375
Cars 0.84140625 0.4541015625 0.03515625 0.0361328125
Cars 0.775 0.46875 0.021875 0.025390625
Cars 0.18046875 0.4677734375 0.01796875 0.0263671875
