Cars 0.20390625 0.50390625 0.05234375 0.037109375
Cars 0.2640625 0.4951171875 0.0265625 0.0263671875
Cars 0.3015625 0.4873046875 0.01875 0.0224609375
Cars 0.3328125 0.4853515625 0.01875 0.0224609375
Cars 0.43359375 0.4736328125 0.01484375 0.0166015625
People 0.653125 0.5126953125 0.021875 0.0576171875
Bicycles 0.65234375 0.54296875 0.01171875 0.03515625
Cars 0.353125 0.484375 0.015625 0.0234375
Cars 0.36953125 0.48046875 0.01328125 0.0234375
Cars 0.38984375 0.482421875 0.01328125 0.01953125
Cars 0.4484375 0.47265625 0.009375 0.013671875
