People 0.56640625 0.478515625 0.00703125 0.01953125
Cars 0.62265625 0.544921875 0.08203125 0.068359375
Cars 0.4859375 0.4912109375 0.021875 0.0283203125
Cars 0.459375 0.4853515625 0.009375 0.0146484375
Cars 0.4484375 0.4765625 0.009375 0.01171875
Cars 0.4078125 0.4775390625 0.0078125 0.0087890625
Cars 0.37734375 0.4794921875 0.01015625 0.0166015625
Cars 0.34453125 0.486328125 0.02890625 0.041015625
Cars 0.33203125 0.501953125 0.02421875 0.029296875
Cars 0.2953125 0.5107421875 0.0328125 0.0361328125
Cars 0.20859375 0.525390625 0.06640625 0.06640625
Cars 0.1640625 0.484375 0.0140625 0.015625
Cars 0.13046875 0.5244140625 0.01796875 0.0498046875
Cars 0.0609375 0.4873046875 0.0609375 0.0439453125
Cars 0.0609375 0.5791015625 0.0609375 0.1083984375
