Cars 0.8359375 0.5888671875 0.1625 0.1962890625
People 0.43359375 0.45703125 0.01171875 0.0546875
Cars 0.409375 0.4619140625 0.0109375 0.0263671875
Cars 0.3734375 0.46484375 0.0296875 0.03515625
Cars 0.3109375 0.458984375 0.0234375 0.0234375
Cars 0.28203125 0.4521484375 0.01015625 0.0166015625
People 0.23828125 0.4599609375 0.01171875 0.0380859375
People 0.2234375 0.4599609375 0.0078125 0.0380859375
Cars 0.1953125 0.4560546875 0.015625 0.0400390625
Cars 0.13671875 0.4638671875 0.05859375 0.0498046875
