Cars 0.3640625 0.48046875 0.0328125 0.03515625
Cars 0.59765625 0.46875 0.01640625 0.0234375
People 0.8671875 0.5087890625 0.01875 0.0615234375
People 0.8328125 0.513671875 0.0203125 0.056640625
People 0.6375 0.486328125 0.015625 0.033203125
People 0.57734375 0.4892578125 0.01015625 0.0341796875
People 0.553125 0.474609375 0.0125 0.033203125
People 0.2578125 0.4755859375 0.0109375 0.0341796875
Cars 0.97265625 0.482421875 0.02578125 0.033203125
Cars 0.446875 0.451171875 0.0140625 0.01171875
Cars 0.47109375 0.4501953125 0.01640625 0.0146484375
People 0.31015625 0.4599609375 0.01015625 0.0283203125
People 0.2796875 0.46484375 0.009375 0.02734375
