People 0.971875 0.42578125 0.0140625 0.056640625
Bicycles 0.95703125 0.45703125 0.01484375 0.02734375
Bicycles 0.99140625 0.4560546875 0.00703125 0.0205078125
Bicycles 0.8828125 0.4599609375 0.015625 0.0263671875
People 0.85546875 0.423828125 0.01484375 0.0625
Bicycles 0.8234375 0.4599609375 0.021875 0.0263671875
Cars 0.46328125 0.421875 0.02265625 0.0234375
Cars 0.43984375 0.4189453125 0.01015625 0.0166015625
Cars 0.4296875 0.40234375 0.009375 0.01171875
Cars 0.425 0.390625 0.0078125 0.009765625
Cars 0.403125 0.380859375 0.0078125 0.009765625
Cars 0.3703125 0.38671875 0.0078125 0.009765625
Cars 0.35546875 0.4150390625 0.01171875 0.0302734375
Cars 0.3328125 0.4228515625 0.0109375 0.0322265625
Cars 0.27734375 0.4423828125 0.04453125 0.0419921875
Cars 0.28671875 0.3876953125 0.02890625 0.0087890625
