People 0.45078125 0.4658203125 0.01015625 0.0283203125
People 0.46484375 0.4697265625 0.01015625 0.0224609375
People 0.565625 0.474609375 0.0109375 0.029296875
People 0.59296875 0.4853515625 0.01171875 0.0361328125
Cars 0.88203125 0.6103515625 0.11640625 0.2314453125
Cars 0.75390625 0.57421875 0.05859375 0.08984375
Cars 0.68125 0.515625 0.0515625 0.056640625
Cars 0.62890625 0.501953125 0.02265625 0.041015625
Cars 0.4 0.484375 0.0296875 0.025390625
Cars 0.084375 0.5361328125 0.078125 0.1123046875
Cars 0.53515625 0.458984375 0.01171875 0.015625
Cars 0.3203125 0.490234375 0.0546875 0.046875
People 0.48671875 0.46484375 0.00703125 0.017578125
