Cars 0.73828125 0.517578125 0.10390625 0.083984375
Cars 0.64375 0.474609375 0.0765625 0.076171875
Cars 0.5625 0.48046875 0.0203125 0.041015625
Cars 0.540625 0.46875 0.0359375 0.044921875
Cars 0.02890625 0.5283203125 0.02890625 0.0693359375
Cars 0.0875 0.4912109375 0.0875 0.0751953125
Cars 0.18671875 0.4833984375 0.05234375 0.0595703125
Cars 0.27421875 0.4765625 0.03046875 0.0390625
Cars 0.321875 0.470703125 0.0171875 0.021484375
Cars 0.346875 0.470703125 0.009375 0.017578125
Cars 0.36640625 0.46875 0.01171875 0.013671875
Cars 0.49453125 0.4697265625 0.01328125 0.0263671875
