People 0.5515625 0.4599609375 0.009375 0.0244140625
People 0.13359375 0.490234375 0.01171875 0.03515625
Cars 0.83671875 0.5302734375 0.15546875 0.1025390625
Cars 0.728125 0.458984375 0.0203125 0.029296875
Cars 0.80234375 0.419921875 0.02578125 0.01953125
Cars 0.809375 0.435546875 0.0296875 0.03125
Cars 0.88671875 0.412109375 0.03671875 0.01953125
Cars 0.94140625 0.4052734375 0.05078125 0.0263671875
People 0.57890625 0.462890625 0.01015625 0.033203125
People 0.59765625 0.4619140625 0.01015625 0.0341796875
People 0.6390625 0.466796875 0.0109375 0.0390625
People 0.61953125 0.474609375 0.01640625 0.048828125
People 0.6578125 0.4658203125 0.015625 0.0517578125
People 0.378125 0.4619140625 0.00625 0.0126953125
People 0.11171875 0.4912109375 0.01328125 0.0322265625
