People 0.6484375 0.5205078125 0.0296875 0.0615234375
People 0.8390625 0.5087890625 0.0171875 0.0537109375
People 0.89765625 0.5087890625 0.02421875 0.0537109375
People 0.9390625 0.5107421875 0.021875 0.0478515625
Cars 0.46640625 0.5068359375 0.02578125 0.0283203125
Cars 0.396875 0.5859375 0.215625 0.080078125
Cars 0.9609375 0.6171875 0.0375 0.078125
People 0.19921875 0.46484375 0.01015625 0.017578125
People 0.2125 0.4619140625 0.009375 0.0185546875
People 0.2265625 0.4658203125 0.009375 0.0166015625
People 0.2359375 0.4697265625 0.009375 0.0146484375
People 0.253125 0.46875 0.0109375 0.013671875
