Bicycles 0.55859375 0.5625 0.01953125 0.08203125
Bicycles 0.44375 0.5634765625 0.015625 0.0712890625
Bicycles 0.35 0.5078125 0.0078125 0.03515625
People 0.4078125 0.474609375 0.015625 0.060546875
People 0.16640625 0.47265625 0.00703125 0.021484375
Cars 0.03359375 0.5048828125 0.03359375 0.0712890625
Cars 0.28046875 0.4794921875 0.03671875 0.0341796875
Bicycles 0.9 0.55859375 0.0625 0.13671875
Bicycles 0.64765625 0.5126953125 0.01640625 0.0498046875
People 0.70625 0.4501953125 0.0125 0.0205078125
Bicycles 0.96171875 0.51171875 0.03671875 0.119140625
Bicycles 0.75859375 0.5419921875 0.02734375 0.0517578125
Bicycles 0.6953125 0.515625 0.0171875 0.044921875
Bicycles 0.67265625 0.5146484375 0.01328125 0.0439453125
Bicycles 0.60859375 0.51171875 0.02109375 0.05078125
People 0.55546875 0.4169921875 0.03046875 0.0751953125
People 0.44375 0.43359375 0.025 0.068359375
People 0.3515625 0.4482421875 0.0140625 0.0302734375
