Cars 0.5203125 0.5751953125 0.08125 0.0830078125
Cars 0.31875 0.517578125 0.03125 0.03125
Cars 0.36015625 0.5166015625 0.01328125 0.0263671875
Cars 0.44296875 0.5146484375 0.02421875 0.0263671875
People 0.825 0.50390625 0.0125 0.033203125
People 0.803125 0.5068359375 0.0109375 0.0341796875
Bicycles 0.7421875 0.5703125 0.04375 0.033203125
People 0.1125 0.5234375 0.009375 0.044921875
People 0.096875 0.5302734375 0.009375 0.0458984375
People 0.57890625 0.509765625 0.01171875 0.025390625
People 0.6625 0.4970703125 0.009375 0.0166015625
People 0.27109375 0.50390625 0.01171875 0.015625
People 0.6890625 0.5 0.0109375 0.0234375
