Cars 0.19375 0.5771484375 0.0875 0.0810546875
Cars 0.05703125 0.4931640625 0.05234375 0.0380859375
Cars 0.4921875 0.4404296875 0.0109375 0.0126953125
Cars 0.5703125 0.48046875 0.0234375 0.02734375
Cars 0.621875 0.4921875 0.0453125 0.04296875
Cars 0.64140625 0.5380859375 0.06171875 0.0615234375
Cars 0.7421875 0.578125 0.1 0.078125
Cars 0.91015625 0.8095703125 0.08828125 0.1884765625
People 0.29296875 0.4814453125 0.01015625 0.0341796875
Cars 0.12578125 0.4609375 0.07734375 0.048828125
Cars 0.23828125 0.470703125 0.03671875 0.0234375
Cars 0.25859375 0.4501953125 0.02734375 0.0205078125
Cars 0.34140625 0.458984375 0.02734375 0.01953125
Cars 0.4359375 0.4521484375 0.0125 0.0126953125
Cars 0.540625 0.45703125 0.0125 0.017578125
