Bicycles 0.68828125 0.578125 0.04296875 0.072265625
Bicycles 0.54375 0.537109375 0.01875 0.041015625
Bicycles 0.3265625 0.486328125 0.009375 0.0234375
Bicycles 0.37421875 0.4853515625 0.01015625 0.0244140625
Bicycles 0.2890625 0.4736328125 0.00625 0.0146484375
Bicycles 0.121875 0.48828125 0.009375 0.025390625
People 0.22265625 0.4599609375 0.01015625 0.0205078125
People 0.06171875 0.46484375 0.01171875 0.033203125
People 0.76640625 0.44921875 0.01953125 0.046875
People 0.73046875 0.4541015625 0.01015625 0.0439453125
Bicycles 0.1734375 0.4814453125 0.0078125 0.0205078125
Bicycles 0.159375 0.478515625 0.00625 0.01953125
Cars 0.85390625 0.5478515625 0.14453125 0.1142578125
Cars 0.584375 0.494140625 0.028125 0.046875
Cars 0.503125 0.4990234375 0.0203125 0.0458984375
Cars 0.48359375 0.484375 0.03046875 0.037109375
People 0.66171875 0.4365234375 0.01484375 0.0283203125
People 0.678125 0.49609375 0.0359375 0.08984375
People 0.5359375 0.4765625 0.021875 0.0703125
Cars 0.434375 0.4755859375 0.025 0.0361328125
People 0.37578125 0.4453125 0.01171875 0.02734375
People 0.325 0.4482421875 0.0125 0.0224609375
People 0.2875 0.451171875 0.00625 0.013671875
People 0.17421875 0.453125 0.00703125 0.01953125
People 0.1625 0.447265625 0.0046875 0.017578125
People 0.121875 0.4453125 0.0125 0.0234375
People 0.8328125 0.423828125 0.0078125 0.01953125
