Cars 0.50234375 0.458984375 0.02265625 0.0234375
Cars 0.24453125 0.4677734375 0.02890625 0.0263671875
People 0.3421875 0.46875 0.0109375 0.04296875
People 0.5734375 0.451171875 0.009375 0.033203125
People 0.590625 0.4501953125 0.0109375 0.0361328125
People 0.6171875 0.458984375 0.009375 0.02734375
People 0.634375 0.451171875 0.0109375 0.033203125
People 0.66875 0.447265625 0.0109375 0.03125
People 0.1 0.4697265625 0.0109375 0.0322265625
People 0.075 0.4697265625 0.0109375 0.0361328125
People 0.18671875 0.4658203125 0.01015625 0.0302734375
