People 0.96953125 0.490234375 0.01640625 0.080078125
Cars 0.76484375 0.4970703125 0.10234375 0.0830078125
Cars 0.62265625 0.4873046875 0.04140625 0.0400390625
Bicycles 0.56796875 0.50390625 0.01015625 0.01953125
People 0.57421875 0.4599609375 0.01171875 0.0263671875
Cars 0.49765625 0.4765625 0.02265625 0.0234375
Cars 0.41640625 0.4716796875 0.01484375 0.0166015625
People 0.3875 0.474609375 0.00625 0.01953125
People 0.37734375 0.4755859375 0.00703125 0.0185546875
Cars 0.359375 0.4775390625 0.0109375 0.0146484375
