People 0.04375 0.4951171875 0.009375 0.0322265625
People 0.6875 0.474609375 0.01875 0.060546875
People 0.728125 0.4755859375 0.021875 0.0654296875
Cars 0.81171875 0.4658203125 0.02421875 0.0361328125
Cars 0.925 0.4462890625 0.071875 0.0693359375
Cars 0.95234375 0.4873046875 0.04609375 0.0615234375
Cars 0.36015625 0.49609375 0.03828125 0.04296875
People 0.6078125 0.4677734375 0.0109375 0.0341796875
Cars 0.41328125 0.462890625 0.01484375 0.013671875
Cars 0.4609375 0.4609375 0.0203125 0.013671875
People 0.12578125 0.48828125 0.01328125 0.017578125
Cars 0.64453125 0.4462890625 0.01328125 0.0146484375
