Cars 0.8609375 0.5439453125 0.1375 0.1162109375
Cars 0.69765625 0.4501953125 0.01640625 0.0185546875
People 0.6421875 0.4541015625 0.009375 0.0224609375
People 0.609375 0.4619140625 0.0078125 0.0185546875
Cars 0.6171875 0.4580078125 0.0171875 0.0205078125
Cars 0.446875 0.4697265625 0.0234375 0.0263671875
Cars 0.41171875 0.462890625 0.01015625 0.015625
Cars 0.2515625 0.482421875 0.0234375 0.0234375
Cars 0.19921875 0.486328125 0.02265625 0.01953125
Cars 0.50390625 0.46875 0.01640625 0.015625
Cars 0.36640625 0.466796875 0.01171875 0.013671875
Cars 0.3421875 0.4697265625 0.0109375 0.0166015625
Cars 0.31796875 0.47265625 0.01484375 0.01953125
Cars 0.284375 0.4755859375 0.0109375 0.0185546875
