Cars 0.57265625 0.4560546875 0.03359375 0.0224609375
Cars 0.51640625 0.43359375 0.01640625 0.015625
Cars 0.428125 0.4384765625 0.0140625 0.0146484375
Cars 0.49921875 0.490234375 0.04765625 0.048828125
People 0.16640625 0.45703125 0.01171875 0.03125
People 0.16484375 0.6357421875 0.04296875 0.1591796875
People 0.6625 0.4501953125 0.0125 0.0224609375
People 0.8234375 0.4716796875 0.0140625 0.0224609375
People 0.8546875 0.4892578125 0.0171875 0.0615234375
People 0.89609375 0.4853515625 0.02421875 0.0576171875
People 0.98828125 0.484375 0.01015625 0.052734375
People 0.365625 0.4453125 0.009375 0.017578125
