Cars 0.8734375 0.71875 0.125 0.2421875
Cars 0.71328125 0.54296875 0.07890625 0.080078125
Cars 0.396875 0.48046875 0.0453125 0.025390625
Cars 0.19375 0.556640625 0.06875 0.0625
Cars 0.09921875 0.603515625 0.07734375 0.083984375
Cars 0.02890625 0.615234375 0.02890625 0.109375
People 0.075 0.5009765625 0.021875 0.0205078125
People 0.6015625 0.4921875 0.0171875 0.029296875
People 0.13203125 0.45703125 0.01015625 0.021484375
Cars 0.490625 0.466796875 0.0171875 0.017578125
Cars 0.5109375 0.462890625 0.0109375 0.015625
Cars 0.52890625 0.4609375 0.01015625 0.015625
