People 0.5640625 0.4560546875 0.0125 0.0341796875
People 0.54765625 0.453125 0.01015625 0.0390625
People 0.41484375 0.4482421875 0.01015625 0.0302734375
Cars 0.61953125 0.4658203125 0.04140625 0.0419921875
Cars 0.36875 0.4580078125 0.03125 0.0322265625
Cars 0.22734375 0.4541015625 0.03046875 0.0283203125
Cars 0.03359375 0.4521484375 0.02890625 0.0517578125
Cars 0.1265625 0.451171875 0.0234375 0.041015625
Cars 0.1640625 0.4482421875 0.0203125 0.0263671875
Cars 0.14765625 0.42578125 0.04296875 0.03125
Cars 0.29609375 0.4658203125 0.04765625 0.0419921875
Cars 0.43046875 0.4482421875 0.01015625 0.0166015625
Cars 0.4484375 0.4443359375 0.009375 0.0185546875
Cars 0.45703125 0.4375 0.01171875 0.015625
