Cars 0.90234375 0.4404296875 0.02265625 0.0263671875
Cars 0.85625 0.435546875 0.0140625 0.0234375
People 0.8296875 0.412109375 0.0109375 0.017578125
People 0.74921875 0.4736328125 0.01484375 0.0595703125
Cars 0.72578125 0.431640625 0.01015625 0.021484375
Cars 0.70078125 0.435546875 0.01328125 0.03515625
Cars 0.65390625 0.453125 0.01640625 0.0234375
Cars 0.65625 0.4140625 0.01875 0.013671875
People 0.6203125 0.4697265625 0.0140625 0.0478515625
Cars 0.53125 0.451171875 0.0125 0.021484375
Cars 0.49375 0.4521484375 0.0109375 0.0185546875
Cars 0.33828125 0.4521484375 0.01328125 0.0146484375
Cars 0.3140625 0.44921875 0.0109375 0.013671875
Cars 0.29921875 0.447265625 0.01171875 0.013671875
Cars 0.26484375 0.4267578125 0.01484375 0.0107421875
Cars 0.26640625 0.44921875 0.01171875 0.01171875
Cars 0.228125 0.470703125 0.0265625 0.0390625
Cars 0.1171875 0.484375 0.0828125 0.08203125
Cars 0.01171875 0.6103515625 0.01171875 0.1044921875
