People 0.775 0.482421875 0.028125 0.068359375
People 0.884375 0.486328125 0.015625 0.072265625
People 0.93359375 0.4716796875 0.01640625 0.0576171875
People 0.9671875 0.4716796875 0.025 0.0634765625
People 0.01171875 0.4462890625 0.01171875 0.0732421875
People 0.26640625 0.451171875 0.01015625 0.029296875
Cars 0.34296875 0.46484375 0.02109375 0.03515625
Cars 0.6890625 0.462890625 0.0546875 0.05078125
Cars 0.62421875 0.46875 0.01796875 0.033203125
Cars 0.36953125 0.45703125 0.01640625 0.03125
Cars 0.48828125 0.458984375 0.02109375 0.025390625
Cars 0.29375 0.46875 0.01875 0.03515625
Cars 0.56484375 0.4560546875 0.03046875 0.0341796875
Cars 0.5953125 0.4658203125 0.0234375 0.0302734375
