Bicycles 0.5578125 0.5439453125 0.0109375 0.0361328125
Bicycles 0.38359375 0.4873046875 0.01015625 0.0205078125
People 0.5578125 0.498046875 0.015625 0.0546875
People 0.38203125 0.470703125 0.01015625 0.03125
Cars 0.52265625 0.4638671875 0.02265625 0.0224609375
Cars 0.315625 0.486328125 0.034375 0.037109375
Cars 0.2390625 0.521484375 0.0421875 0.044921875
Cars 0.16484375 0.5517578125 0.06171875 0.0673828125
Cars 0.075 0.59765625 0.075 0.09765625
Cars 0.959375 0.5517578125 0.0390625 0.0595703125
Cars 0.83203125 0.501953125 0.04140625 0.04296875
Cars 0.7765625 0.49609375 0.0421875 0.048828125
Cars 0.6265625 0.49609375 0.053125 0.048828125
Cars 0.9296875 0.4921875 0.0671875 0.0546875
Cars 0.68515625 0.466796875 0.01796875 0.037109375
