People 0.9875 0.4267578125 0.0109375 0.0419921875
People 0.9671875 0.4287109375 0.009375 0.0419921875
People 0.89921875 0.4482421875 0.01171875 0.0458984375
People 0.8328125 0.451171875 0.0109375 0.04296875
People 0.80625 0.419921875 0.0046875 0.015625
People 0.7640625 0.421875 0.0078125 0.015625
Cars 0.62734375 0.5009765625 0.06953125 0.0654296875
Cars 0.546875 0.474609375 0.01875 0.046875
Cars 0.53046875 0.46484375 0.02265625 0.037109375
Cars 0.51015625 0.4541015625 0.01328125 0.0263671875
Cars 0.4859375 0.44921875 0.0140625 0.017578125
Cars 0.4390625 0.458984375 0.0296875 0.033203125
Cars 0.39609375 0.4453125 0.01171875 0.015625
Cars 0.36796875 0.4501953125 0.01171875 0.0166015625
Cars 0.346875 0.4541015625 0.0140625 0.0185546875
Cars 0.32890625 0.4580078125 0.01171875 0.0224609375
Cars 0.3109375 0.466796875 0.0140625 0.029296875
Cars 0.28515625 0.47265625 0.01484375 0.0234375
Cars 0.25 0.4736328125 0.0203125 0.0458984375
Cars 0.1828125 0.49609375 0.05 0.041015625
Cars 0.21015625 0.4443359375 0.02109375 0.0126953125
Cars 0.06796875 0.50390625 0.06640625 0.09375
People 0.72578125 0.4296875 0.01015625 0.017578125
