People 0.65 0.529296875 0.034375 0.091796875
People 0.5359375 0.5 0.01875 0.056640625
People 0.515625 0.4931640625 0.0140625 0.0517578125
Cars 0.76953125 0.4833984375 0.02109375 0.0361328125
Cars 0.70625 0.470703125 0.0265625 0.04296875
Cars 0.57421875 0.46875 0.01484375 0.013671875
Cars 0.4484375 0.46875 0.03125 0.029296875
Cars 0.2484375 0.4609375 0.0578125 0.0390625
Cars 0.140625 0.4375 0.0515625 0.029296875
Cars 0.48671875 0.46875 0.01484375 0.021484375
Cars 0.59921875 0.462890625 0.01015625 0.013671875
