People 0.52578125 0.4814453125 0.01640625 0.0634765625
People 0.56328125 0.4873046875 0.02109375 0.0576171875
People 0.6703125 0.435546875 0.0203125 0.017578125
People 0.7078125 0.466796875 0.0140625 0.048828125
People 0.74140625 0.4697265625 0.01328125 0.0615234375
People 0.78359375 0.4736328125 0.01640625 0.0634765625
People 0.859375 0.466796875 0.0140625 0.06640625
People 0.88046875 0.46484375 0.01015625 0.0625
People 0.90625 0.4638671875 0.0171875 0.0693359375
Cars 0.19140625 0.4794921875 0.04921875 0.0439453125
Cars 0.25703125 0.4765625 0.03046875 0.037109375
Cars 0.3734375 0.4677734375 0.0171875 0.0146484375
Cars 0.4109375 0.46484375 0.01875 0.021484375
