People 0.6484375 0.4814453125 0.025 0.0576171875
People 0.8203125 0.46484375 0.0203125 0.05859375
People 0.79765625 0.4677734375 0.01328125 0.0595703125
People 0.85625 0.46875 0.0171875 0.056640625
People 0.88515625 0.458984375 0.01484375 0.0625
Cars 0.42890625 0.4736328125 0.02734375 0.0322265625
Cars 0.275 0.484375 0.0453125 0.046875
Cars 0.37734375 0.470703125 0.01484375 0.015625
Cars 0.40078125 0.466796875 0.01015625 0.0234375
People 0.15859375 0.4599609375 0.00703125 0.0146484375
People 0.14140625 0.4599609375 0.00859375 0.0126953125
People 0.1296875 0.4609375 0.0078125 0.015625
