Cars 0.1609375 0.55078125 0.078125 0.06640625
Cars 0.2390625 0.515625 0.040625 0.04296875
Cars 0.28046875 0.5029296875 0.03359375 0.0361328125
Cars 0.43046875 0.4736328125 0.02890625 0.0283203125
Cars 0.5734375 0.48828125 0.021875 0.033203125
Cars 0.5890625 0.494140625 0.0203125 0.0390625
Cars 0.65546875 0.5244140625 0.07890625 0.0751953125
People 0.35234375 0.4921875 0.01796875 0.052734375
People 0.909375 0.52734375 0.021875 0.078125
Dogs 0.9828125 0.5966796875 0.0140625 0.0185546875
Cars 0.0890625 0.4580078125 0.0390625 0.0126953125
Cars 0.31875 0.4931640625 0.0203125 0.0322265625
Cars 0.37265625 0.4677734375 0.02109375 0.0263671875
Cars 0.4890625 0.443359375 0.0109375 0.015625
Cars 0.46328125 0.4404296875 0.01328125 0.0126953125
Cars 0.55078125 0.48046875 0.01328125 0.0234375
Cars 0.5546875 0.46484375 0.0296875 0.033203125
People 0.50234375 0.4541015625 0.01015625 0.0205078125
