Cars 0.1671875 0.51953125 0.0828125 0.060546875
Cars 0.25234375 0.4931640625 0.05390625 0.0537109375
Cars 0.3078125 0.482421875 0.0265625 0.0390625
People 0.33828125 0.490234375 0.01171875 0.044921875
Cars 0.3609375 0.4755859375 0.0234375 0.0263671875
Cars 0.4046875 0.46875 0.0265625 0.01953125
Cars 0.521875 0.4560546875 0.0140625 0.0146484375
Cars 0.7171875 0.4599609375 0.034375 0.0419921875
Cars 0.7546875 0.4697265625 0.0296875 0.0341796875
Cars 0.80078125 0.455078125 0.04296875 0.05078125
Cars 0.8921875 0.451171875 0.0296875 0.046875
Cars 0.9515625 0.458984375 0.0421875 0.060546875
People 0.4515625 0.46484375 0.009375 0.021484375
Cars 0.56484375 0.45703125 0.01484375 0.015625
Cars 0.4625 0.4580078125 0.009375 0.0146484375
Cars 0.48828125 0.4541015625 0.01015625 0.0126953125
