Cars 0.4578125 0.5888671875 0.259375 0.1279296875
Cars 0.80703125 0.4638671875 0.03046875 0.0380859375
Cars 0.9234375 0.44921875 0.0734375 0.072265625
Cars 0.94765625 0.4853515625 0.04765625 0.0634765625
People 0.7 0.4716796875 0.0203125 0.0693359375
People 0.6625 0.482421875 0.01875 0.05859375
People 0.17578125 0.48828125 0.01328125 0.02734375
People 0.15859375 0.48828125 0.01328125 0.029296875
People 0.57890625 0.46484375 0.01328125 0.03515625
People 0.5515625 0.458984375 0.009375 0.025390625
People 0.60625 0.462890625 0.0109375 0.03515625
People 0.63046875 0.4619140625 0.01328125 0.0380859375
People 0.128125 0.4873046875 0.009375 0.0166015625
People 0.11328125 0.49609375 0.01015625 0.02734375
