People 0.57109375 0.646484375 0.09296875 0.31640625
People 0.40234375 0.6142578125 0.08359375 0.1845703125
People 0.4515625 0.5400390625 0.078125 0.1923828125
People 0.08828125 0.5771484375 0.08359375 0.2685546875
People 0.1265625 0.572265625 0.0828125 0.2265625
Cars 0.8453125 0.541015625 0.1234375 0.0546875
Cars 0.7125 0.50390625 0.0453125 0.0390625
Cars 0.66640625 0.49609375 0.02734375 0.03515625
Cars 0.21328125 0.494140625 0.03359375 0.060546875
People 0.26953125 0.4697265625 0.01171875 0.0361328125
People 0.31328125 0.4580078125 0.01171875 0.0205078125
People 0.24375 0.462890625 0.009375 0.037109375
Cars 0.38359375 0.46484375 0.01953125 0.025390625
Cars 0.02890625 0.412109375 0.02890625 0.0625
