People 0.7890625 0.5068359375 0.025 0.0751953125
Cars 0.7375 0.4912109375 0.04375 0.0478515625
Cars 0.8703125 0.4921875 0.06875 0.046875
Cars 0.6546875 0.4697265625 0.015625 0.0302734375
Cars 0.590625 0.4921875 0.04375 0.048828125
Cars 0.52578125 0.4599609375 0.01640625 0.0205078125
Cars 0.490625 0.4677734375 0.0328125 0.0283203125
Cars 0.4359375 0.45703125 0.0234375 0.025390625
Cars 0.34765625 0.462890625 0.02421875 0.033203125
Cars 0.33515625 0.4775390625 0.01640625 0.0283203125
Cars 0.3078125 0.4736328125 0.015625 0.0341796875
Cars 0.24921875 0.4814453125 0.05078125 0.0498046875
Cars 0.37578125 0.4619140625 0.01640625 0.0205078125
