People 0.75859375 0.5078125 0.02421875 0.048828125
Dogs 0.69296875 0.5361328125 0.01484375 0.0146484375
Dogs 0.66640625 0.533203125 0.01640625 0.017578125
People 0.66796875 0.4912109375 0.01796875 0.0478515625
People 0.27421875 0.44140625 0.01015625 0.0234375
People 0.2515625 0.451171875 0.009375 0.025390625
People 0.23359375 0.4521484375 0.01015625 0.0263671875
People 0.21328125 0.45703125 0.01328125 0.03125
Cars 0.415625 0.4873046875 0.034375 0.0341796875
Cars 0.39921875 0.470703125 0.03046875 0.03515625
Cars 0.175 0.4677734375 0.025 0.0322265625
Cars 0.1375 0.4814453125 0.0359375 0.0341796875
Cars 0.96171875 0.505859375 0.03671875 0.056640625
Cars 0.0703125 0.4541015625 0.0140625 0.0283203125
Cars 0.03984375 0.462890625 0.02734375 0.03515625
