Bicycles 0.0859375 0.5546875 0.01875 0.0390625
People 0.56875 0.4833984375 0.01875 0.0771484375
People 0.5421875 0.48046875 0.028125 0.072265625
People 0.50078125 0.470703125 0.01953125 0.07421875
Cars 0.1703125 0.4755859375 0.0515625 0.0458984375
Cars 0.22734375 0.470703125 0.02421875 0.033203125
Cars 0.246875 0.4677734375 0.01875 0.0283203125
Cars 0.5921875 0.4716796875 0.0390625 0.0400390625
Cars 0.27109375 0.4638671875 0.01484375 0.0244140625
Cars 0.29921875 0.45703125 0.01640625 0.0234375
Cars 0.328125 0.4521484375 0.01875 0.0205078125
People 0.084375 0.4609375 0.025 0.052734375
Cars 0.48828125 0.4482421875 0.00546875 0.0126953125
Cars 0.4765625 0.447265625 0.0046875 0.01171875
Cars 0.46953125 0.4443359375 0.00703125 0.0087890625
Cars 0.35390625 0.44921875 0.00859375 0.015625
Cars 0.3671875 0.447265625 0.0078125 0.015625
Cars 0.38125 0.447265625 0.0078125 0.01171875
Cars 0.3890625 0.4453125 0.0078125 0.009765625
Cars 0.4015625 0.443359375 0.0078125 0.009765625
Cars 0.453125 0.4453125 0.0109375 0.0078125
Cars 0.4234375 0.4384765625 0.009375 0.0126953125
