Cars 0.028125 0.671875 0.028125 0.154296875
Bicycles 0.49140625 0.4599609375 0.01171875 0.0341796875
People 0.5734375 0.4091796875 0.015625 0.0224609375
Bicycles 0.47421875 0.45703125 0.01171875 0.033203125
Bicycles 0.45546875 0.462890625 0.01484375 0.03515625
Bicycles 0.4359375 0.45703125 0.0109375 0.029296875
Cars 0.26171875 0.4345703125 0.01015625 0.0126953125
Cars 0.24453125 0.431640625 0.01015625 0.013671875
Cars 0.23125 0.435546875 0.0109375 0.01171875
Cars 0.2125 0.431640625 0.009375 0.013671875
