People 0.16796875 0.4599609375 0.01484375 0.0537109375
People 0.1953125 0.470703125 0.015625 0.044921875
People 0.3578125 0.458984375 0.009375 0.02734375
People 0.3359375 0.4560546875 0.0109375 0.0263671875
Cars 0.63828125 0.4814453125 0.03828125 0.0341796875
Cars 0.87109375 0.619140625 0.12578125 0.173828125
People 0.7140625 0.474609375 0.009375 0.025390625
People 0.7046875 0.4736328125 0.009375 0.0283203125
People 0.5765625 0.4609375 0.00625 0.015625
People 0.5625 0.4609375 0.00625 0.017578125
People 0.553125 0.4609375 0.0078125 0.01953125
People 0.3765625 0.4609375 0.0109375 0.02734375
People 0.3890625 0.4599609375 0.0078125 0.0224609375
People 0.434375 0.453125 0.00625 0.017578125
People 0.50625 0.458984375 0.009375 0.017578125
People 0.29296875 0.43359375 0.01015625 0.015625
