People 0.6828125 0.470703125 0.0203125 0.056640625
People 0.72421875 0.46875 0.02109375 0.060546875
Cars 0.80859375 0.466796875 0.02578125 0.037109375
Cars 0.925 0.447265625 0.0703125 0.0703125
Cars 0.94921875 0.490234375 0.04765625 0.0625
Cars 0.3625 0.490234375 0.0375 0.037109375
People 0.04921875 0.4716796875 0.01015625 0.0146484375
People 0.06328125 0.4697265625 0.01171875 0.0166015625
People 0.6046875 0.4609375 0.0125 0.03125
People 0.63203125 0.4501953125 0.01015625 0.0283203125
Cars 0.4125 0.4619140625 0.0125 0.0146484375
Cars 0.46328125 0.4609375 0.02109375 0.015625
People 0.1265625 0.4892578125 0.0109375 0.0166015625
Cars 0.64765625 0.4462890625 0.01015625 0.0146484375
