People 0.94921875 0.6708984375 0.04921875 0.2412109375
People 0.0390625 0.6064453125 0.0375 0.1591796875
Bicycles 0.06171875 0.7529296875 0.06015625 0.0771484375
Cars 0.221875 0.5693359375 0.159375 0.1123046875
Cars 0.3015625 0.4501953125 0.0984375 0.0400390625
Cars 0.4390625 0.56640625 0.115625 0.087890625
Cars 0.571875 0.5615234375 0.115625 0.0751953125
Cars 0.75234375 0.529296875 0.07734375 0.083984375
Cars 0.878125 0.54296875 0.028125 0.0703125
Cars 0.68203125 0.48828125 0.01796875 0.03515625
