People 0.33828125 0.4931640625 0.01484375 0.0478515625
Cars 0.0453125 0.548828125 0.04375 0.083984375
Cars 0.13125 0.5361328125 0.0765625 0.0732421875
Cars 0.30390625 0.4921875 0.02890625 0.033203125
Cars 0.39921875 0.470703125 0.02265625 0.02734375
Cars 0.57734375 0.46875 0.02109375 0.0234375
Cars 0.6609375 0.462890625 0.0234375 0.0234375
Cars 0.96796875 0.494140625 0.03046875 0.0703125
Cars 0.93515625 0.46875 0.03984375 0.03515625
Cars 0.3609375 0.4853515625 0.0171875 0.0283203125
Cars 0.4265625 0.4736328125 0.0109375 0.0185546875
Cars 0.4390625 0.466796875 0.0140625 0.017578125
Cars 0.446875 0.4638671875 0.0140625 0.0185546875
Cars 0.465625 0.462890625 0.0109375 0.015625
Cars 0.825 0.46875 0.0296875 0.025390625
Cars 0.90625 0.46875 0.034375 0.04296875
Cars 0.9359375 0.50390625 0.03125 0.046875
People 0.53046875 0.458984375 0.00546875 0.017578125
People 0.5453125 0.4619140625 0.00625 0.0205078125
