Cars 0.7046875 0.513671875 0.046875 0.048828125
People 0.76953125 0.4384765625 0.01328125 0.0224609375
People 0.7421875 0.4375 0.0109375 0.0234375
Cars 0.51015625 0.4814453125 0.03671875 0.0361328125
Cars 0.1734375 0.4580078125 0.0515625 0.0478515625
Cars 0.23359375 0.5029296875 0.06484375 0.0595703125
Cars 0.259375 0.4404296875 0.021875 0.0322265625
People 0.128125 0.451171875 0.015625 0.041015625
People 0.09609375 0.451171875 0.01484375 0.04296875
Cars 0.9171875 0.4814453125 0.0390625 0.0419921875
Cars 0.8296875 0.46484375 0.0296875 0.029296875
People 0.9875 0.5029296875 0.0109375 0.0478515625
Cars 0.48046875 0.45703125 0.02578125 0.03125
Cars 0.45 0.453125 0.0125 0.015625
Cars 0.29921875 0.439453125 0.01640625 0.0234375
Cars 0.32578125 0.439453125 0.01171875 0.017578125
Cars 0.809375 0.4931640625 0.05625 0.0263671875
