People 0.34453125 0.48828125 0.01484375 0.04296875
Cars 0.16875 0.55078125 0.0796875 0.06640625
Cars 0.253125 0.5126953125 0.0546875 0.0537109375
Cars 0.40390625 0.4658203125 0.02421875 0.0205078125
Cars 0.66796875 0.5166015625 0.06640625 0.0537109375
Cars 0.71171875 0.578125 0.08359375 0.078125
Cars 0.83984375 0.6611328125 0.15546875 0.1318359375
Cars 0.61328125 0.50390625 0.02265625 0.033203125
Cars 0.50078125 0.4365234375 0.01171875 0.0126953125
Cars 0.56484375 0.4677734375 0.02421875 0.0263671875
Cars 0.571875 0.4814453125 0.01875 0.0263671875
Bicycles 0.34453125 0.525390625 0.01171875 0.02734375
