Cars 0.14296875 0.595703125 0.11328125 0.080078125
Cars 0.23828125 0.5546875 0.05859375 0.060546875
Cars 0.303125 0.5234375 0.040625 0.0546875
Cars 0.371875 0.5 0.040625 0.033203125
Cars 0.5046875 0.46484375 0.028125 0.0234375
Cars 0.6453125 0.494140625 0.0421875 0.03515625
Cars 0.725 0.544921875 0.04375 0.05078125
Cars 0.85625 0.607421875 0.121875 0.103515625
Cars 0.421875 0.484375 0.01875 0.025390625
People 0.44375 0.4716796875 0.009375 0.0224609375
Cars 0.24375 0.4609375 0.04375 0.021484375
Cars 0.22734375 0.4755859375 0.03046875 0.0185546875
Cars 0.17265625 0.48046875 0.02578125 0.03125
Cars 0.95859375 0.46875 0.03984375 0.03515625
Cars 0.92109375 0.4853515625 0.04609375 0.0302734375
Cars 0.8625 0.478515625 0.0421875 0.0234375
Cars 0.60234375 0.4716796875 0.02265625 0.0224609375
