People 0.74140625 0.4736328125 0.01171875 0.0498046875
People 0.7671875 0.458984375 0.0109375 0.05078125
People 0.928125 0.5234375 0.0125 0.056640625
People 0.95 0.51171875 0.0125 0.064453125
People 0.975 0.5126953125 0.01875 0.0595703125
People 0.3796875 0.478515625 0.015625 0.044921875
People 0.3375 0.4599609375 0.0125 0.0341796875
People 0.69453125 0.4541015625 0.01484375 0.0283203125
People 0.28671875 0.458984375 0.01015625 0.033203125
People 0.48984375 0.451171875 0.00703125 0.013671875
Cars 0.56640625 0.4599609375 0.01328125 0.0126953125
People 0.5078125 0.4521484375 0.00625 0.0146484375
Cars 0.45703125 0.4599609375 0.01015625 0.0146484375
Bicycles 0.3765625 0.49609375 0.0109375 0.03125
People 0.309375 0.4375 0.009375 0.013671875
