People 0.7796875 0.525390625 0.034375 0.05859375
People 0.6984375 0.44140625 0.0109375 0.015625
Cars 0.64921875 0.513671875 0.08515625 0.0703125
Cars 0.5703125 0.482421875 0.0578125 0.064453125
Cars 0.515625 0.4765625 0.0171875 0.04296875
Cars 0.4890625 0.47265625 0.01875 0.025390625
Cars 0.446875 0.4619140625 0.0125 0.0166015625
Cars 0.4140625 0.46875 0.0171875 0.021484375
Cars 0.33046875 0.46484375 0.02890625 0.033203125
Cars 0.2609375 0.47265625 0.0125 0.03515625
Cars 0.21171875 0.4775390625 0.03515625 0.0380859375
