Cars 0.94140625 0.5205078125 0.05703125 0.0849609375
Cars 0.88125 0.482421875 0.1171875 0.08984375
Cars 0.80390625 0.4736328125 0.06640625 0.0732421875
Cars 0.59453125 0.501953125 0.13046875 0.173828125
Cars 0.41484375 0.4580078125 0.06796875 0.0654296875
Dogs 0.421875 0.564453125 0.0453125 0.04296875
Cars 0.3796875 0.4736328125 0.0125 0.0478515625
Cars 0.1984375 0.4794921875 0.140625 0.1142578125
Cars 0.28515625 0.462890625 0.08984375 0.076171875
Cars 0.0625 0.5556640625 0.0625 0.1220703125
Cars 0.05546875 0.3916015625 0.05546875 0.0439453125
