Cars 0.809375 0.5283203125 0.140625 0.1279296875
Cars 0.57109375 0.470703125 0.02734375 0.033203125
Cars 0.53203125 0.4638671875 0.01171875 0.0244140625
People 0.515625 0.458984375 0.0078125 0.01953125
Cars 0.45 0.4658203125 0.0203125 0.0244140625
Cars 0.421875 0.4228515625 0.009375 0.0107421875
Cars 0.42734375 0.4482421875 0.01015625 0.0126953125
Cars 0.3796875 0.462890625 0.0109375 0.015625
Cars 0.3625 0.478515625 0.0171875 0.025390625
Cars 0.31484375 0.478515625 0.03359375 0.041015625
People 0.2609375 0.4658203125 0.0078125 0.0283203125
People 0.24609375 0.46875 0.00859375 0.02734375
