Cars 0.6703125 0.453125 0.0984375 0.046875
Cars 0.89140625 0.44921875 0.08671875 0.056640625
People 0.5453125 0.5107421875 0.1015625 0.1865234375
People 0.409375 0.513671875 0.046875 0.201171875
People 0.2828125 0.45703125 0.0171875 0.05078125
Cars 0.3578125 0.453125 0.01875 0.02734375
People 0.234375 0.4521484375 0.0171875 0.0458984375
People 0.196875 0.4541015625 0.0203125 0.0458984375
People 0.1453125 0.453125 0.015625 0.046875
People 0.0671875 0.4931640625 0.025 0.1142578125
People 0.0359375 0.4921875 0.034375 0.123046875
People 0.10625 0.4521484375 0.0125 0.0478515625
