Cars 0.10390625 0.580078125 0.09921875 0.08203125
Cars 0.2171875 0.5341796875 0.0578125 0.0615234375
Cars 0.16484375 0.478515625 0.03671875 0.021484375
Cars 0.4 0.4736328125 0.025 0.0263671875
Cars 0.61953125 0.501953125 0.02421875 0.04296875
Cars 0.634375 0.5185546875 0.03125 0.0458984375
Cars 0.70703125 0.5498046875 0.08359375 0.0751953125
Cars 0.7828125 0.6220703125 0.115625 0.1044921875
Cars 0.88046875 0.78125 0.11796875 0.203125
Cars 0.5046875 0.4365234375 0.0125 0.0126953125
People 0.29921875 0.5068359375 0.01484375 0.0537109375
Bicycles 0.3015625 0.5498046875 0.0125 0.0302734375
People 0.378125 0.4619140625 0.009375 0.0224609375
Cars 0.4546875 0.4482421875 0.0125 0.0146484375
Cars 0.5890625 0.509765625 0.0140625 0.029296875
Cars 0.59453125 0.482421875 0.02890625 0.02734375
Cars 0.571875 0.4755859375 0.025 0.0283203125
