People 0.9796875 0.486328125 0.01875 0.119140625
People 0.8859375 0.4638671875 0.0171875 0.0498046875
Cars 0.69453125 0.4560546875 0.02421875 0.0439453125
Cars 0.7734375 0.435546875 0.05 0.0234375
People 0.653125 0.474609375 0.0125 0.052734375
People 0.6171875 0.4853515625 0.0140625 0.0615234375
People 0.53125 0.4638671875 0.0109375 0.0419921875
Cars 0.49921875 0.4638671875 0.01171875 0.0205078125
People 0.478125 0.4619140625 0.0078125 0.0244140625
Cars 0.45234375 0.453125 0.01328125 0.013671875
Cars 0.3953125 0.4560546875 0.0140625 0.0185546875
People 0.346875 0.4697265625 0.009375 0.0263671875
People 0.3203125 0.4580078125 0.0109375 0.0302734375
Cars 0.2640625 0.4462890625 0.021875 0.0185546875
Cars 0.1375 0.5146484375 0.1375 0.0966796875
Bicycles 0.98203125 0.6962890625 0.01640625 0.0830078125
