People 0.11328125 0.4853515625 0.01328125 0.0302734375
People 0.51640625 0.4580078125 0.01015625 0.0283203125
Cars 0.0796875 0.6318359375 0.078125 0.1162109375
Cars 0.17421875 0.560546875 0.07265625 0.056640625
Cars 0.25546875 0.5087890625 0.05859375 0.0517578125
Cars 0.3171875 0.4990234375 0.0265625 0.0341796875
Cars 0.38984375 0.4609375 0.02734375 0.03125
Cars 0.921875 0.8125 0.0765625 0.1796875
Cars 0.76953125 0.57421875 0.10703125 0.10546875
Cars 0.66484375 0.5302734375 0.04296875 0.0576171875
Cars 0.640625 0.51171875 0.034375 0.044921875
Cars 0.62734375 0.4892578125 0.03984375 0.0478515625
Cars 0.3375 0.4921875 0.0203125 0.03125
Cars 0.42578125 0.453125 0.01328125 0.017578125
Cars 0.56875 0.46484375 0.0296875 0.03125
Cars 0.58515625 0.486328125 0.01484375 0.04296875
