Cars 0.0578125 0.4833984375 0.05625 0.0419921875
People 0.12109375 0.5068359375 0.03046875 0.0595703125
People 0.16796875 0.4609375 0.01640625 0.033203125
People 0.19296875 0.462890625 0.01171875 0.033203125
People 0.91875 0.4755859375 0.0171875 0.0673828125
People 0.83203125 0.4794921875 0.01796875 0.0654296875
Cars 0.88203125 0.462890625 0.02734375 0.037109375
Cars 0.76875 0.4658203125 0.05 0.0478515625
Cars 0.3109375 0.466796875 0.0234375 0.029296875
Cars 0.01015625 0.5703125 0.01015625 0.060546875
Cars 0.55703125 0.638671875 0.27265625 0.244140625
People 0.353125 0.46484375 0.0109375 0.025390625
People 0.33828125 0.490234375 0.01328125 0.048828125
Cars 0.98671875 0.7314453125 0.01171875 0.1103515625
