Cars 0.9 0.4638671875 0.040625 0.0478515625
Cars 0.31328125 0.46484375 0.02890625 0.025390625
Cars 0.54453125 0.609375 0.23046875 0.224609375
People 0.1390625 0.5009765625 0.015625 0.0634765625
People 0.2 0.51171875 0.021875 0.052734375
People 0.25390625 0.5048828125 0.02109375 0.0615234375
People 0.75234375 0.5048828125 0.01171875 0.0380859375
People 0.8484375 0.47265625 0.0140625 0.064453125
People 0.7203125 0.443359375 0.0171875 0.029296875
Cars 0.9875 0.720703125 0.0109375 0.1171875
Cars 0.01015625 0.5673828125 0.01015625 0.0615234375
