Bicycles 0.96328125 0.6845703125 0.03515625 0.0810546875
Bicycles 0.5484375 0.509765625 0.0109375 0.029296875
Bicycles 0.4890625 0.5078125 0.009375 0.02734375
Bicycles 0.11171875 0.52734375 0.01953125 0.041015625
Bicycles 0.0625 0.5234375 0.0171875 0.046875
Bicycles 0.82890625 0.53125 0.02890625 0.0703125
Bicycles 0.6984375 0.5009765625 0.015625 0.0419921875
Cars 0.39375 0.474609375 0.0375 0.015625
Bicycles 0.621875 0.5068359375 0.0234375 0.0146484375
People 0.19765625 0.4677734375 0.00703125 0.0341796875
Cars 0.9078125 0.4521484375 0.025 0.0244140625
People 0.96875 0.4853515625 0.0296875 0.1142578125
Bicycles 0.9140625 0.544921875 0.015625 0.064453125
Bicycles 0.87890625 0.5498046875 0.01640625 0.0576171875
People 0.6546875 0.4638671875 0.009375 0.0263671875
People 0.63515625 0.462890625 0.01015625 0.02734375
People 0.6171875 0.4619140625 0.0125 0.0263671875
People 0.5953125 0.4599609375 0.0109375 0.0205078125
People 0.546875 0.4765625 0.0125 0.052734375
People 0.4859375 0.4794921875 0.015625 0.0458984375
Cars 0.4578125 0.466796875 0.009375 0.013671875
Bicycles 0.73203125 0.5224609375 0.00703125 0.0283203125
Bicycles 0.23125 0.5029296875 0.01875 0.0263671875
Bicycles 0.16796875 0.5029296875 0.01015625 0.0283203125
Bicycles 0.14609375 0.505859375 0.01328125 0.029296875
