People 0.43828125 0.4609375 0.01015625 0.01953125
People 0.7375 0.5400390625 0.021875 0.0732421875
People 0.76875 0.4970703125 0.0203125 0.0419921875
Cars 0.83984375 0.580078125 0.09765625 0.083984375
Cars 0.9140625 0.6748046875 0.0796875 0.1591796875
Cars 0.69921875 0.5078125 0.03359375 0.05859375
Cars 0.61484375 0.48046875 0.02109375 0.021484375
Cars 0.56328125 0.462890625 0.01484375 0.015625
Cars 0.3421875 0.4580078125 0.0390625 0.0283203125
Cars 0.26953125 0.4443359375 0.03203125 0.0263671875
Cars 0.203125 0.4619140625 0.0265625 0.0302734375
Cars 0.0375 0.5751953125 0.0375 0.1123046875
Cars 0.41640625 0.4599609375 0.01796875 0.0185546875
Cars 0.2609375 0.4619140625 0.0296875 0.0263671875
Cars 0.50703125 0.458984375 0.01015625 0.01171875
Cars 0.6359375 0.4921875 0.01875 0.029296875
Cars 0.6578125 0.501953125 0.0203125 0.033203125
Cars 0.67421875 0.50390625 0.02109375 0.041015625
Cars 0.12421875 0.470703125 0.04765625 0.052734375
