Cars 0.10859375 0.5126953125 0.10859375 0.0693359375
Cars 0.284375 0.466796875 0.1015625 0.04296875
Cars 0.61640625 0.46875 0.01328125 0.01953125
Cars 0.6453125 0.478515625 0.0203125 0.025390625
Cars 0.671875 0.4765625 0.0296875 0.02734375
Cars 0.77734375 0.4794921875 0.03828125 0.0322265625
Cars 0.78125 0.4970703125 0.0171875 0.0283203125
Cars 0.85234375 0.4853515625 0.05234375 0.0478515625
Cars 0.89765625 0.5048828125 0.04921875 0.0361328125
Cars 0.38125 0.4697265625 0.0203125 0.0361328125
Cars 0.72265625 0.490234375 0.02109375 0.025390625
