Bicycles 0.55234375 0.5390625 0.02109375 0.04296875
People 0.1859375 0.48046875 0.0140625 0.041015625
Cars 0.8796875 0.5322265625 0.11875 0.0908203125
Cars 0.75234375 0.5068359375 0.06640625 0.0654296875
Cars 0.68515625 0.494140625 0.04609375 0.052734375
Cars 0.62265625 0.484375 0.03671875 0.03515625
Cars 0.03671875 0.5244140625 0.03671875 0.0693359375
Cars 0.10625 0.5078125 0.06875 0.06640625
Cars 0.23359375 0.4873046875 0.04609375 0.0380859375
Cars 0.27265625 0.48046875 0.03359375 0.0390625
Cars 0.4546875 0.466796875 0.025 0.013671875
Cars 0.325 0.47265625 0.0203125 0.0234375
People 0.5515625 0.4521484375 0.0203125 0.0439453125
Cars 0.5265625 0.4638671875 0.0109375 0.0224609375
Cars 0.51015625 0.462890625 0.01015625 0.015625
Cars 0.4984375 0.4658203125 0.009375 0.0126953125
Cars 0.41875 0.46484375 0.0109375 0.01171875
Cars 0.403125 0.466796875 0.009375 0.013671875
Cars 0.38828125 0.4638671875 0.01015625 0.0146484375
Cars 0.3734375 0.4658203125 0.0109375 0.0185546875
Cars 0.35390625 0.46875 0.01328125 0.021484375
