People 0.34453125 0.490234375 0.01171875 0.04296875
People 0.36953125 0.486328125 0.01328125 0.04296875
People 0.575 0.498046875 0.0125 0.05859375
People 0.60234375 0.5068359375 0.02734375 0.0830078125
Cars 0.09453125 0.52734375 0.09140625 0.083984375
Cars 0.215625 0.5205078125 0.0421875 0.0595703125
Cars 0.2828125 0.505859375 0.040625 0.044921875
Cars 0.51328125 0.47265625 0.02109375 0.01953125
Cars 0.6796875 0.5302734375 0.05625 0.0634765625
Cars 0.778125 0.583984375 0.1 0.109375
Cars 0.86875 0.6845703125 0.1296875 0.1865234375
Cars 0.40078125 0.4638671875 0.02421875 0.0224609375
Cars 0.5421875 0.4716796875 0.0109375 0.0146484375
Cars 0.53203125 0.4736328125 0.01015625 0.0166015625
Cars 0.02421875 0.5791015625 0.01796875 0.0673828125
