Cars 0.08515625 0.4853515625 0.08515625 0.0517578125
People 0.2703125 0.517578125 0.0421875 0.10546875
People 0.4546875 0.5068359375 0.0296875 0.1044921875
People 0.53828125 0.501953125 0.03671875 0.09765625
People 0.95390625 0.3974609375 0.03515625 0.0732421875
People 0.95 0.5361328125 0.0484375 0.1748046875
Cars 0.0390625 0.4873046875 0.0390625 0.0498046875
Cars 0.028125 0.4951171875 0.028125 0.0439453125
Cars 0.1078125 0.46484375 0.0578125 0.033203125
Cars 0.18984375 0.490234375 0.02734375 0.03515625
