Cars 0.94140625 0.45703125 0.05703125 0.03515625
Cars 0.8265625 0.453125 0.0546875 0.017578125
Cars 0.62890625 0.4443359375 0.14296875 0.0498046875
Cars 0.459375 0.4765625 0.028125 0.037109375
People 0.421875 0.455078125 0.009375 0.015625
Cars 0.3640625 0.4482421875 0.040625 0.0380859375
Cars 0.26328125 0.4560546875 0.04609375 0.0380859375
Cars 0.19140625 0.462890625 0.02578125 0.046875
People 0.1421875 0.4423828125 0.0234375 0.0341796875
Bicycles 0.1359375 0.5107421875 0.0296875 0.0322265625
Cars 0.08125 0.4580078125 0.025 0.0478515625
