People 0.81875 0.4892578125 0.0109375 0.0283203125
Cars 0.875 0.5927734375 0.1109375 0.1162109375
Cars 0.45 0.505859375 0.046875 0.046875
Cars 0.51953125 0.4794921875 0.02109375 0.0205078125
Cars 0.2046875 0.4609375 0.015625 0.01171875
Cars 0.63125 0.46484375 0.025 0.017578125
Cars 0.6640625 0.47265625 0.015625 0.013671875
People 0.85703125 0.4736328125 0.01171875 0.0126953125
People 0.828125 0.47265625 0.0125 0.015625
Cars 0.23984375 0.4609375 0.01640625 0.01171875
People 0.5890625 0.4736328125 0.009375 0.0205078125
