Cars 0.03671875 0.5107421875 0.03671875 0.0458984375
Cars 0.10078125 0.50390625 0.03515625 0.03515625
Cars 0.15546875 0.498046875 0.02890625 0.029296875
Cars 0.18984375 0.4912109375 0.01796875 0.0224609375
Cars 0.221875 0.494140625 0.01875 0.021484375
Cars 0.31953125 0.478515625 0.02578125 0.01953125
Cars 0.56796875 0.4833984375 0.02109375 0.0283203125
Cars 0.6296875 0.486328125 0.046875 0.048828125
Cars 0.69921875 0.5009765625 0.06640625 0.0673828125
Cars 0.81484375 0.529296875 0.11328125 0.087890625
Cars 0.925 0.5439453125 0.0734375 0.1279296875
Cars 0.37265625 0.4736328125 0.01484375 0.0146484375
Cars 0.43515625 0.4765625 0.01640625 0.01953125
Cars 0.540625 0.484375 0.0140625 0.0234375
Cars 0.24375 0.4873046875 0.0171875 0.0205078125
Cars 0.26015625 0.4814453125 0.01328125 0.0185546875
Cars 0.27734375 0.484375 0.01171875 0.017578125
Cars 0.57890625 0.494140625 0.01640625 0.03125
Cars 0.484375 0.4716796875 0.0109375 0.0146484375
