Cars 0.0359375 0.65625 0.0359375 0.11328125
People 0.3234375 0.509765625 0.01875 0.0546875
People 0.41953125 0.619140625 0.04921875 0.138671875
Bicycles 0.42421875 0.69140625 0.02421875 0.068359375
Bicycles 0.32578125 0.5517578125 0.01640625 0.0341796875
Cars 0.228125 0.5361328125 0.0734375 0.0732421875
Cars 0.28359375 0.474609375 0.02890625 0.03125
Cars 0.81875 0.59765625 0.10625 0.091796875
Cars 0.71171875 0.5517578125 0.06640625 0.0537109375
Cars 0.67578125 0.5048828125 0.05390625 0.0439453125
Cars 0.61953125 0.5009765625 0.02890625 0.0361328125
Cars 0.5796875 0.453125 0.0203125 0.017578125
Cars 0.4453125 0.44921875 0.021875 0.017578125
Cars 0.67890625 0.4404296875 0.01640625 0.0185546875
Cars 0.73125 0.435546875 0.0421875 0.0234375
Cars 0.48203125 0.443359375 0.01328125 0.017578125
Cars 0.50625 0.443359375 0.009375 0.01171875
Cars 0.359375 0.47265625 0.028125 0.041015625
Cars 0.403125 0.47265625 0.0140625 0.033203125
