People 0.9796875 0.5810546875 0.01875 0.1669921875
People 0.965625 0.5380859375 0.0328125 0.1728515625
Cars 0.909375 0.572265625 0.03125 0.080078125
Cars 0.8296875 0.5771484375 0.025 0.0673828125
Cars 0.70703125 0.5361328125 0.06640625 0.0693359375
Cars 0.85 0.4921875 0.0515625 0.029296875
Cars 0.63359375 0.544921875 0.01484375 0.03515625
Cars 0.66171875 0.51953125 0.06015625 0.052734375
Cars 0.66875 0.505859375 0.0765625 0.05859375
Cars 0.5890625 0.5205078125 0.0171875 0.0341796875
Cars 0.615625 0.4873046875 0.071875 0.0537109375
Cars 0.4359375 0.4931640625 0.0203125 0.0185546875
People 0.16953125 0.490234375 0.01640625 0.052734375
People 0.0125 0.4951171875 0.0125 0.0673828125
People 0.2 0.5107421875 0.009375 0.0263671875
People 0.2140625 0.49609375 0.0109375 0.033203125
People 0.23515625 0.4931640625 0.01171875 0.0361328125
People 0.31015625 0.482421875 0.01015625 0.025390625
Cars 0.53125 0.498046875 0.0125 0.02734375
Cars 0.52265625 0.4814453125 0.02265625 0.0283203125
