People 0.14140625 0.4248046875 0.02109375 0.0576171875
People 0.11015625 0.4248046875 0.01015625 0.0576171875
People 0.24375 0.4111328125 0.009375 0.0283203125
Cars 0.5921875 0.4345703125 0.0203125 0.0205078125
Cars 0.41796875 0.4248046875 0.01953125 0.0244140625
People 0.48359375 0.4248046875 0.00703125 0.0185546875
People 0.28515625 0.42578125 0.01015625 0.025390625
Cars 0.446875 0.4296875 0.009375 0.01953125
Cars 0.459375 0.42578125 0.009375 0.015625
People 0.5078125 0.42578125 0.009375 0.01953125
