Cars 0.8359375 0.666015625 0.1625 0.310546875
Cars 0.6 0.501953125 0.0359375 0.044921875
People 0.39921875 0.4794921875 0.01171875 0.0302734375
People 0.37578125 0.4775390625 0.01015625 0.0283203125
Cars 0.31875 0.486328125 0.028125 0.037109375
Cars 0.27421875 0.5 0.04296875 0.041015625
Cars 0.153125 0.5068359375 0.0859375 0.0751953125
Cars 0.034375 0.625 0.034375 0.115234375
Cars 0.48671875 0.4697265625 0.01640625 0.0146484375
Cars 0.6984375 0.5712890625 0.08125 0.1357421875
Cars 0.3453125 0.486328125 0.0140625 0.02734375
People 0.521875 0.486328125 0.015625 0.0625
People 0.5546875 0.5166015625 0.0328125 0.0888671875
