Cars 0.853125 0.59375 0.1453125 0.14453125
Cars 0.68671875 0.50390625 0.05234375 0.05078125
People 0.34296875 0.4716796875 0.01015625 0.0380859375
People 0.40078125 0.46484375 0.00859375 0.02734375
Cars 0.621875 0.4677734375 0.015625 0.0224609375
Cars 0.6515625 0.4765625 0.03125 0.03515625
Cars 0.64375 0.494140625 0.0171875 0.037109375
Bicycles 0.30859375 0.4970703125 0.01640625 0.0302734375
People 0.42734375 0.462890625 0.00703125 0.021484375
People 0.46796875 0.4599609375 0.00546875 0.0185546875
People 0.4390625 0.4619140625 0.00625 0.0224609375
People 0.47890625 0.4580078125 0.00546875 0.0185546875
Bicycles 0.01640625 0.5576171875 0.01640625 0.0419921875
Bicycles 0.159375 0.5087890625 0.0140625 0.0283203125
Bicycles 0.11796875 0.5341796875 0.01328125 0.0283203125
Bicycles 0.24296875 0.517578125 0.01796875 0.0234375
