Cars 0.23046875 0.5185546875 0.08359375 0.0634765625
Cars 0.30078125 0.4921875 0.04609375 0.05078125
Cars 0.36171875 0.4736328125 0.03515625 0.0361328125
Cars 0.4015625 0.4765625 0.0234375 0.021484375
Cars 0.7265625 0.4873046875 0.0328125 0.0322265625
Cars 0.7640625 0.498046875 0.0328125 0.041015625
Cars 0.8171875 0.5 0.0453125 0.05078125
People 0.978125 0.513671875 0.0203125 0.064453125
People 0.10625 0.5029296875 0.01875 0.0595703125
People 0.07265625 0.4892578125 0.02421875 0.0849609375
Cars 0.42734375 0.4755859375 0.01171875 0.0185546875
Cars 0.4375 0.4697265625 0.0125 0.0166015625
Cars 0.4515625 0.4697265625 0.009375 0.0146484375
Cars 0.46171875 0.4619140625 0.01484375 0.0185546875
Cars 0.55390625 0.46484375 0.01171875 0.01171875
Cars 0.58671875 0.474609375 0.01484375 0.021484375
Cars 0.6625 0.48046875 0.0171875 0.021484375
Cars 0.61875 0.486328125 0.034375 0.037109375
