Cars 0.3765625 0.4873046875 0.0359375 0.0341796875
Cars 0.80859375 0.4638671875 0.03359375 0.0361328125
Cars 0.9234375 0.4521484375 0.075 0.0732421875
Cars 0.95078125 0.490234375 0.04609375 0.0625
People 0.7171875 0.4716796875 0.0203125 0.0576171875
People 0.678125 0.4736328125 0.01875 0.0576171875
People 0.0703125 0.4716796875 0.0125 0.0146484375
People 0.125 0.4892578125 0.0109375 0.0185546875
Cars 0.41171875 0.4599609375 0.01328125 0.0146484375
Cars 0.45546875 0.458984375 0.02265625 0.015625
People 0.60234375 0.4599609375 0.01171875 0.0322265625
People 0.62890625 0.4482421875 0.01015625 0.0302734375
Cars 0.64609375 0.447265625 0.01171875 0.015625
