People 0.2765625 0.5380859375 0.0234375 0.0771484375
Bicycles 0.26640625 0.5810546875 0.01328125 0.0458984375
People 0.8234375 0.4794921875 0.021875 0.0439453125
Cars 0.8046875 0.623046875 0.13125 0.11328125
Cars 0.64609375 0.5068359375 0.05390625 0.0517578125
Cars 0.59140625 0.474609375 0.02734375 0.02734375
Cars 0.5625 0.462890625 0.0171875 0.025390625
Cars 0.48984375 0.4423828125 0.01484375 0.0185546875
Cars 0.41171875 0.466796875 0.02109375 0.021484375
Cars 0.315625 0.4990234375 0.034375 0.0380859375
Cars 0.2390625 0.52734375 0.0234375 0.048828125
Cars 0.10859375 0.5869140625 0.10859375 0.1123046875
Cars 0.69921875 0.4697265625 0.03671875 0.0302734375
Cars 0.73671875 0.47265625 0.01328125 0.029296875
Cars 0.44296875 0.453125 0.01484375 0.015625
People 0.51640625 0.44921875 0.00703125 0.015625
People 0.4703125 0.447265625 0.00625 0.015625
