People 0.5765625 0.4404296875 0.0125 0.0419921875
People 0.55546875 0.4423828125 0.01171875 0.0419921875
People 0.4109375 0.4306640625 0.0125 0.0341796875
Cars 0.634375 0.4501953125 0.0453125 0.0517578125
Cars 0.3609375 0.4365234375 0.034375 0.0322265625
Cars 0.20546875 0.4365234375 0.03515625 0.0263671875
Cars 0.13359375 0.41796875 0.02421875 0.03125
Cars 0.084375 0.4287109375 0.040625 0.0439453125
Cars 0.11796875 0.404296875 0.05078125 0.041015625
Cars 0.43203125 0.4287109375 0.01328125 0.0205078125
Cars 0.275 0.44921875 0.05625 0.05078125
Cars 0.45234375 0.4267578125 0.01015625 0.0166015625
Cars 0.4609375 0.421875 0.0140625 0.01953125
