Cars 0.28515625 0.501953125 0.05234375 0.046875
Cars 0.34296875 0.4736328125 0.03671875 0.0439453125
Cars 0.39609375 0.48046875 0.02421875 0.025390625
Cars 0.64765625 0.509765625 0.04140625 0.048828125
Cars 0.703125 0.5361328125 0.05625 0.0693359375
Cars 0.796875 0.57421875 0.09375 0.1015625
Cars 0.8953125 0.630859375 0.103125 0.23828125
People 0.5828125 0.478515625 0.0125 0.04296875
Cars 0.08359375 0.5390625 0.08359375 0.125
Cars 0.1890625 0.509765625 0.0828125 0.07421875
Cars 0.84765625 0.46484375 0.05390625 0.021484375
People 0.66953125 0.4541015625 0.00703125 0.0087890625
People 0.659375 0.455078125 0.00625 0.009765625
Cars 0.61484375 0.490234375 0.01796875 0.033203125
Cars 0.41328125 0.46875 0.02109375 0.025390625
Cars 0.4359375 0.4716796875 0.009375 0.0185546875
Cars 0.4671875 0.458984375 0.015625 0.015625
Cars 0.5671875 0.462890625 0.009375 0.015625
