People 0.87265625 0.4541015625 0.01796875 0.0771484375
People 0.721875 0.4228515625 0.00625 0.0283203125
People 0.70078125 0.4208984375 0.00546875 0.0263671875
People 0.68359375 0.4375 0.01015625 0.03515625
People 0.66953125 0.423828125 0.00546875 0.02734375
People 0.64296875 0.4296875 0.01015625 0.0390625
People 0.49140625 0.435546875 0.01484375 0.04296875
Cars 0.4703125 0.427734375 0.0109375 0.013671875
Cars 0.4390625 0.42578125 0.0109375 0.01171875
People 0.40078125 0.427734375 0.00546875 0.015625
People 0.371875 0.4267578125 0.0046875 0.0146484375
People 0.28125 0.423828125 0.00625 0.017578125
People 0.23515625 0.416015625 0.00859375 0.009765625
People 0.2203125 0.4228515625 0.0078125 0.0205078125
