People 0.75625 0.5390625 0.0234375 0.041015625
People 0.78984375 0.548828125 0.01796875 0.046875
People 0.2703125 0.5283203125 0.0265625 0.0732421875
Cars 0.3296875 0.5244140625 0.0421875 0.0380859375
Cars 0.1671875 0.5400390625 0.0796875 0.0634765625
Cars 0.3796875 0.5146484375 0.025 0.0302734375
Cars 0.63125 0.6201171875 0.190625 0.1142578125
Cars 0.68046875 0.505859375 0.04921875 0.021484375
Cars 0.59765625 0.5009765625 0.02109375 0.0126953125
Cars 0.41484375 0.513671875 0.02265625 0.025390625
Cars 0.44375 0.5107421875 0.0109375 0.0205078125
Cars 0.45078125 0.4990234375 0.01796875 0.0205078125
Cars 0.02578125 0.501953125 0.02578125 0.044921875
Cars 0.03828125 0.470703125 0.03671875 0.046875
