People 0.18203125 0.490234375 0.01328125 0.03515625
People 0.821875 0.4951171875 0.0140625 0.0498046875
Bicycles 0.82109375 0.533203125 0.01640625 0.025390625
Cars 0.47421875 0.4609375 0.01796875 0.021484375
Cars 0.50859375 0.4853515625 0.02421875 0.0263671875
Cars 0.5328125 0.48046875 0.009375 0.021484375
People 0.85859375 0.478515625 0.01171875 0.033203125
People 0.9390625 0.47265625 0.009375 0.025390625
Bicycles 0.89375 0.4873046875 0.015625 0.0224609375
People 0.6140625 0.44921875 0.00625 0.017578125
Cars 0.62578125 0.4501953125 0.01015625 0.0126953125
