People 0.67421875 0.525390625 0.02265625 0.0390625
People 0.0359375 0.521484375 0.0140625 0.048828125
People 0.009375 0.51171875 0.009375 0.05859375
Cars 0.4359375 0.4853515625 0.0203125 0.0185546875
Cars 0.4796875 0.5234375 0.03125 0.03515625
Cars 0.409375 0.5537109375 0.05625 0.0517578125
Cars 0.46484375 0.4775390625 0.01015625 0.0166015625
Cars 0.61328125 0.47265625 0.01171875 0.01171875
People 0.54140625 0.4736328125 0.00703125 0.0146484375
Bicycles 0.66640625 0.55859375 0.01171875 0.0234375
People 0.36015625 0.47265625 0.01015625 0.015625
People 0.32734375 0.4736328125 0.01015625 0.0126953125
