People 0.64375 0.4287109375 0.00625 0.0244140625
People 0.61796875 0.4267578125 0.00546875 0.0224609375
People 0.60859375 0.42578125 0.00546875 0.017578125
People 0.559375 0.4443359375 0.009375 0.0380859375
People 0.5265625 0.4375 0.0078125 0.029296875
People 0.50234375 0.43359375 0.01015625 0.029296875
Cars 0.46484375 0.43359375 0.01328125 0.015625
People 0.421875 0.4384765625 0.0078125 0.0263671875
People 0.1234375 0.451171875 0.00625 0.037109375
People 0.1109375 0.4521484375 0.0078125 0.0380859375
People 0.0984375 0.4482421875 0.00625 0.0380859375
People 0.06875 0.4482421875 0.00625 0.0361328125
People 0.05 0.42578125 0.0078125 0.015625
