People 0.7859375 0.4755859375 0.015625 0.0537109375
People 0.32421875 0.4814453125 0.02109375 0.0517578125
People 0.2375 0.4462890625 0.009375 0.0341796875
People 0.25625 0.451171875 0.0125 0.041015625
Bicycles 0.328125 0.50390625 0.015625 0.041015625
People 0.48828125 0.4462890625 0.00703125 0.0126953125
People 0.503125 0.447265625 0.00625 0.013671875
People 0.80546875 0.4765625 0.01171875 0.052734375
People 0.81171875 0.43359375 0.01171875 0.0234375
Cars 0.56875 0.45703125 0.0140625 0.015625
Cars 0.43515625 0.4501953125 0.01171875 0.0205078125
Bicycles 0.0984375 0.4765625 0.0140625 0.01953125
People 0.15625 0.4326171875 0.009375 0.0205078125
Cars 0.4484375 0.453125 0.0078125 0.015625
People 0.728125 0.453125 0.015625 0.03125
