Cars 0.81015625 0.458984375 0.02578125 0.04296875
Cars 0.925 0.451171875 0.0734375 0.072265625
Cars 0.95078125 0.482421875 0.04765625 0.064453125
People 0.73359375 0.494140625 0.01796875 0.078125
People 0.765625 0.474609375 0.0203125 0.09765625
People 0.375 0.4638671875 0.00625 0.0146484375
People 0.16875 0.4853515625 0.009375 0.0263671875
People 0.5484375 0.4609375 0.0078125 0.0234375
Cars 0.64453125 0.447265625 0.01171875 0.015625
People 0.56953125 0.458984375 0.01171875 0.02734375
People 0.12734375 0.4873046875 0.01015625 0.0166015625
People 0.1125 0.4892578125 0.0109375 0.0263671875
