Cars 0.35234375 0.44140625 0.01171875 0.017578125
Cars 0.33515625 0.4482421875 0.01015625 0.0185546875
Cars 0.315625 0.4521484375 0.0125 0.0205078125
Cars 0.29921875 0.453125 0.01171875 0.021484375
Cars 0.28046875 0.4609375 0.01171875 0.01953125
Cars 0.25234375 0.4609375 0.01796875 0.021484375
Cars 0.19765625 0.462890625 0.04453125 0.048828125
Cars 0.13984375 0.484375 0.04140625 0.037109375
Cars 0.06484375 0.4951171875 0.06484375 0.0537109375
Cars 0.48984375 0.447265625 0.00546875 0.013671875
Cars 0.56640625 0.455078125 0.02734375 0.03125
Cars 0.53203125 0.45703125 0.01484375 0.029296875
Cars 0.5859375 0.466796875 0.0328125 0.03125
Cars 0.4640625 0.4375 0.0109375 0.009765625
Cars 0.5140625 0.447265625 0.0203125 0.025390625
