People 0.87890625 0.521484375 0.01328125 0.0546875
People 0.84375 0.5146484375 0.0140625 0.0498046875
People 0.81875 0.5205078125 0.0140625 0.0498046875
People 0.73046875 0.521484375 0.01484375 0.04296875
People 0.70078125 0.5322265625 0.01015625 0.0361328125
People 0.6796875 0.5341796875 0.0125 0.0439453125
People 0.65859375 0.5341796875 0.01015625 0.0380859375
People 0.63203125 0.5380859375 0.01015625 0.0361328125
People 0.61484375 0.541015625 0.01015625 0.03125
People 0.59375 0.5439453125 0.009375 0.0283203125
People 0.58046875 0.541015625 0.01015625 0.029296875
People 0.5640625 0.544921875 0.009375 0.02734375
Cars 0.41171875 0.4990234375 0.00859375 0.0107421875
Cars 0.43203125 0.51953125 0.01015625 0.009765625
Cars 0.3828125 0.5419921875 0.0140625 0.0224609375
Cars 0.3453125 0.5419921875 0.0140625 0.0205078125
Cars 0.41015625 0.5546875 0.01484375 0.029296875
Cars 0.4625 0.5478515625 0.0359375 0.0380859375
People 0.32734375 0.5419921875 0.00703125 0.0205078125
People 0.2734375 0.5419921875 0.00625 0.0224609375
People 0.26171875 0.541015625 0.00703125 0.021484375
People 0.2421875 0.5458984375 0.009375 0.0224609375
Cars 0.2109375 0.5654296875 0.0109375 0.0166015625
Cars 0.1859375 0.5556640625 0.009375 0.0224609375
People 0.01875 0.560546875 0.0140625 0.044921875
