Cars 0.92109375 0.5703125 0.07734375 0.130859375
Cars 0.8125 0.5380859375 0.1203125 0.0908203125
Cars 0.6984375 0.513671875 0.05625 0.064453125
Cars 0.63359375 0.4931640625 0.05390625 0.0556640625
Cars 0.5875 0.4853515625 0.028125 0.0419921875
Cars 0.55625 0.482421875 0.0234375 0.029296875
Cars 0.53203125 0.4736328125 0.02109375 0.0283203125
Cars 0.51015625 0.470703125 0.01796875 0.02734375
Cars 0.03359375 0.5185546875 0.03359375 0.0673828125
Cars 0.1 0.50390625 0.0609375 0.060546875
Cars 0.17734375 0.4990234375 0.03359375 0.0439453125
Cars 0.2390625 0.482421875 0.0375 0.037109375
Cars 0.284375 0.482421875 0.0203125 0.025390625
Bicycles 0.38828125 0.4775390625 0.01015625 0.0107421875
Cars 0.35703125 0.46875 0.01484375 0.013671875
Cars 0.4796875 0.462890625 0.0140625 0.013671875
Cars 0.7734375 0.439453125 0.04375 0.009765625
Cars 0.4625 0.466796875 0.0125 0.013671875
Cars 0.446875 0.4609375 0.0046875 0.0078125
Cars 0.4390625 0.462890625 0.0046875 0.0078125
People 0.38828125 0.4541015625 0.00703125 0.0126953125
