People 0.740625 0.4765625 0.021875 0.05859375
People 0.709375 0.4765625 0.0203125 0.06640625
People 0.68125 0.46875 0.0140625 0.046875
People 0.6515625 0.4736328125 0.0140625 0.0439453125
Cars 0.809375 0.458984375 0.03125 0.041015625
Cars 0.92578125 0.4501953125 0.07265625 0.0732421875
Cars 0.9515625 0.4921875 0.0453125 0.060546875
Cars 0.4328125 0.4716796875 0.0203125 0.0224609375
People 0.553125 0.4599609375 0.0109375 0.0224609375
People 0.58671875 0.4609375 0.01015625 0.029296875
People 0.6046875 0.462890625 0.009375 0.03125
People 0.6296875 0.451171875 0.009375 0.025390625
People 0.6171875 0.453125 0.009375 0.029296875
People 0.16796875 0.48046875 0.01015625 0.01953125
People 0.128125 0.490234375 0.009375 0.017578125
People 0.1125 0.4921875 0.009375 0.029296875
