People 0.9328125 0.5185546875 0.0171875 0.0771484375
People 0.9046875 0.513671875 0.0140625 0.06640625
People 0.8734375 0.521484375 0.015625 0.068359375
People 0.8296875 0.5078125 0.0109375 0.046875
People 0.8046875 0.515625 0.0125 0.044921875
People 0.775 0.5205078125 0.0109375 0.0478515625
People 0.75234375 0.5107421875 0.01015625 0.0458984375
People 0.73359375 0.5146484375 0.00859375 0.0419921875
People 0.71171875 0.5107421875 0.00859375 0.0439453125
People 0.6765625 0.49609375 0.0078125 0.033203125
People 0.615625 0.486328125 0.00625 0.02734375
People 0.5953125 0.4814453125 0.00625 0.0244140625
People 0.64921875 0.482421875 0.00703125 0.02734375
People 0.56796875 0.458984375 0.00546875 0.01953125
Cars 0.40625 0.455078125 0.009375 0.013671875
Cars 0.453125 0.4716796875 0.034375 0.0185546875
People 0.3625 0.4921875 0.00625 0.029296875
People 0.96796875 0.51953125 0.01953125 0.076171875
Cars 0.40703125 0.5439453125 0.03984375 0.0556640625
Cars 0.33046875 0.486328125 0.00859375 0.021484375
Cars 0.30546875 0.494140625 0.02421875 0.02734375
Cars 0.4984375 0.5517578125 0.0796875 0.0810546875
People 0.225 0.48828125 0.00625 0.029296875
People 0.2 0.494140625 0.009375 0.03125
People 0.184375 0.4951171875 0.009375 0.0302734375
People 0.12265625 0.486328125 0.00859375 0.021484375
People 0.109375 0.4853515625 0.0078125 0.0205078125
People 0.06484375 0.53125 0.01328125 0.041015625
Cars 0.0609375 0.5205078125 0.059375 0.0400390625
People 0.53671875 0.458984375 0.00703125 0.01953125
People 0.7359375 0.4580078125 0.009375 0.0146484375
Cars 0.384375 0.46875 0.0203125 0.017578125
Cars 0.3640625 0.4853515625 0.021875 0.0244140625
Cars 0.4390625 0.4365234375 0.0078125 0.0087890625
Cars 0.4125 0.4384765625 0.009375 0.0087890625
People 0.71953125 0.458984375 0.00703125 0.013671875
People 0.703125 0.46484375 0.0078125 0.017578125
People 0.8140625 0.451171875 0.00625 0.01953125
People 0.8 0.4521484375 0.00625 0.0185546875
