People 0.490625 0.4677734375 0.0125 0.0361328125
People 0.4703125 0.466796875 0.0109375 0.03515625
People 0.4546875 0.4677734375 0.0125 0.0361328125
People 0.58203125 0.5576171875 0.02890625 0.1005859375
Bicycles 0.5859375 0.619140625 0.015625 0.0546875
Cars 0.9390625 0.533203125 0.05625 0.06640625
Cars 0.92734375 0.4970703125 0.06484375 0.0419921875
Cars 0.86328125 0.48828125 0.04296875 0.025390625
Cars 0.6796875 0.501953125 0.034375 0.0390625
Cars 0.62734375 0.521484375 0.03515625 0.0546875
Cars 0.81171875 0.5810546875 0.10546875 0.0810546875
Cars 0.4140625 0.482421875 0.034375 0.037109375
Cars 0.375 0.5048828125 0.025 0.0439453125
Cars 0.3328125 0.517578125 0.0453125 0.060546875
Cars 0.23828125 0.5302734375 0.07265625 0.0947265625
Cars 0.1484375 0.6142578125 0.0953125 0.0927734375
Cars 0.04609375 0.6337890625 0.04609375 0.1435546875
People 0.6984375 0.4609375 0.009375 0.015625
Cars 0.7484375 0.470703125 0.0203125 0.029296875
