Bicycles 0.5890625 0.54296875 0.0171875 0.056640625
Bicycles 0.50390625 0.5439453125 0.01171875 0.0517578125
Bicycles 0.43046875 0.505859375 0.01015625 0.03125
People 0.471875 0.478515625 0.0140625 0.041015625
People 0.86484375 0.43359375 0.01171875 0.025390625
People 0.7859375 0.4404296875 0.0203125 0.0341796875
People 0.753125 0.4384765625 0.0140625 0.0283203125
Cars 0.15859375 0.5107421875 0.07734375 0.0576171875
Cars 0.24296875 0.4951171875 0.03046875 0.0439453125
Cars 0.27578125 0.4853515625 0.02265625 0.0361328125
Cars 0.4484375 0.47265625 0.0078125 0.01171875
Bicycles 0.9421875 0.5322265625 0.05 0.1025390625
Bicycles 0.84296875 0.552734375 0.04140625 0.068359375
Bicycles 0.7703125 0.5322265625 0.0265625 0.0537109375
Bicycles 0.725 0.509765625 0.0203125 0.0390625
Bicycles 0.63984375 0.490234375 0.01171875 0.03125
Bicycles 0.61953125 0.494140625 0.01171875 0.03515625
People 0.59296875 0.4345703125 0.02109375 0.0576171875
People 0.5046875 0.44921875 0.021875 0.046875
People 0.4265625 0.4541015625 0.0125 0.0263671875
Cars 0.40625 0.474609375 0.0109375 0.015625
Cars 0.3859375 0.4658203125 0.009375 0.0126953125
Bicycles 0.075 0.515625 0.009375 0.02734375
Bicycles 0.05546875 0.5068359375 0.01171875 0.0302734375
