People 0.1625 0.486328125 0.00625 0.01953125
People 0.0078125 0.486328125 0.0078125 0.01953125
Cars 0.6015625 0.5126953125 0.059375 0.0576171875
Cars 0.52109375 0.4814453125 0.03046875 0.0341796875
Cars 0.4796875 0.46875 0.015625 0.01953125
Cars 0.41171875 0.4638671875 0.01171875 0.0146484375
Cars 0.38203125 0.4716796875 0.01171875 0.0166015625
Cars 0.36796875 0.474609375 0.01171875 0.015625
Cars 0.34375 0.4755859375 0.0203125 0.0205078125
People 0.3125 0.474609375 0.009375 0.015625
Bicycles 0.31484375 0.505859375 0.01015625 0.017578125
