Cars 0.3625 0.4775390625 0.0375 0.0361328125
Cars 0.62265625 0.484375 0.02734375 0.03125
Cars 0.67109375 0.4951171875 0.04609375 0.0537109375
Cars 0.6859375 0.5244140625 0.046875 0.0634765625
People 0.7265625 0.44921875 0.009375 0.015625
People 0.57421875 0.466796875 0.01171875 0.033203125
Cars 0.796875 0.5439453125 0.1078125 0.1044921875
People 0.43984375 0.4599609375 0.01015625 0.0283203125
People 0.4515625 0.4609375 0.0078125 0.02734375
Cars 0.13359375 0.4658203125 0.02734375 0.0263671875
Cars 0.21875 0.50390625 0.08125 0.07421875
Cars 0.53359375 0.451171875 0.01171875 0.013671875
Cars 0.59921875 0.466796875 0.02421875 0.02734375
People 0.48515625 0.4560546875 0.01015625 0.0224609375
People 0.73828125 0.4482421875 0.00703125 0.0126953125
