Cars 0.75703125 0.505859375 0.18984375 0.10546875
People 0.5265625 0.580078125 0.05 0.1953125
Cars 0.446875 0.462890625 0.015625 0.015625
Cars 0.42265625 0.447265625 0.00546875 0.0078125
Cars 0.4 0.458984375 0.00625 0.009765625
People 0.3515625 0.44140625 0.0125 0.0234375
People 0.32578125 0.44921875 0.01328125 0.025390625
People 0.384375 0.6748046875 0.053125 0.2138671875
People 0.31171875 0.568359375 0.02265625 0.12890625
Cars 0.2734375 0.46875 0.015625 0.02734375
Cars 0.253125 0.45703125 0.009375 0.013671875
People 0.24921875 0.5068359375 0.01015625 0.0380859375
People 0.22890625 0.4912109375 0.01171875 0.0595703125
People 0.21015625 0.501953125 0.01015625 0.046875
Cars 0.1859375 0.47265625 0.0140625 0.03125
People 0.1515625 0.5830078125 0.05 0.1806640625
People 0.07109375 0.6484375 0.07109375 0.181640625
