People 0.68203125 0.5009765625 0.01796875 0.0654296875
Cars 0.4296875 0.4716796875 0.0328125 0.0283203125
Cars 0.31796875 0.46484375 0.02109375 0.02734375
Cars 0.2796875 0.474609375 0.03125 0.02734375
Bicycles 0.68359375 0.544921875 0.01171875 0.044921875
People 0.590625 0.466796875 0.0078125 0.01953125
People 0.5734375 0.4658203125 0.0078125 0.0205078125
People 0.553125 0.462890625 0.0078125 0.021484375
Cars 0.3546875 0.4677734375 0.0171875 0.0205078125
Cars 0.38359375 0.4658203125 0.01171875 0.0185546875
Cars 0.4984375 0.4658203125 0.0109375 0.0107421875
Cars 0.45859375 0.4619140625 0.01015625 0.0126953125
