People 0.815625 0.6220703125 0.0453125 0.1298828125
People 0.7265625 0.4970703125 0.0140625 0.0400390625
People 0.3109375 0.55859375 0.028125 0.109375
People 0.25703125 0.564453125 0.02890625 0.103515625
People 0.203125 0.556640625 0.03125 0.099609375
Bicycles 0.81875 0.6982421875 0.0171875 0.0751953125
Cars 0.89296875 0.529296875 0.05390625 0.0625
Cars 0.78046875 0.49609375 0.04140625 0.037109375
Cars 0.54296875 0.4580078125 0.02109375 0.0205078125
Cars 0.134375 0.5751953125 0.0703125 0.0830078125
People 0.40078125 0.4658203125 0.01328125 0.0263671875
Cars 0.43515625 0.447265625 0.01015625 0.01171875
Cars 0.66640625 0.4755859375 0.01328125 0.0205078125
People 0.5671875 0.455078125 0.009375 0.01953125
