People 0.73515625 0.5166015625 0.02109375 0.0419921875
People 0.67734375 0.505859375 0.01484375 0.048828125
Dogs 0.65390625 0.537109375 0.01640625 0.015625
Cars 0.95703125 0.5146484375 0.03671875 0.0498046875
Cars 0.42890625 0.4912109375 0.03515625 0.0341796875
Cars 0.41328125 0.478515625 0.02578125 0.029296875
Cars 0.95859375 0.80859375 0.03828125 0.087890625
Cars 0.22734375 0.458984375 0.01796875 0.025390625
Cars 0.2015625 0.46484375 0.0203125 0.02734375
Cars 0.171875 0.484375 0.03125 0.03125
Cars 0.38515625 0.47265625 0.01328125 0.0234375
Cars 0.37109375 0.4677734375 0.01484375 0.0205078125
Cars 0.35390625 0.4599609375 0.01328125 0.0146484375
Cars 0.1046875 0.4599609375 0.0171875 0.0283203125
Cars 0.078125 0.455078125 0.0234375 0.0390625
Cars 0.0203125 0.4580078125 0.01875 0.0341796875
