Cars 0.97890625 0.576171875 0.01953125 0.029296875
People 0.94140625 0.5283203125 0.01328125 0.0498046875
People 0.86328125 0.525390625 0.01953125 0.05078125
Cars 0.715625 0.51171875 0.04375 0.04296875
Cars 0.659375 0.49609375 0.0234375 0.033203125
People 0.534375 0.5 0.0171875 0.044921875
Cars 0.49140625 0.4599609375 0.00859375 0.0107421875
Cars 0.42890625 0.462890625 0.01015625 0.015625
Cars 0.39609375 0.4677734375 0.02421875 0.0283203125
People 0.33984375 0.4580078125 0.00703125 0.0224609375
People 0.31640625 0.4609375 0.01015625 0.025390625
People 0.27109375 0.4833984375 0.02734375 0.0458984375
Cars 0.10625 0.470703125 0.10625 0.068359375
