People 0.184375 0.537109375 0.0390625 0.15234375
People 0.31640625 0.44921875 0.01484375 0.064453125
People 0.2921875 0.453125 0.0140625 0.0546875
People 0.240625 0.4404296875 0.0140625 0.0576171875
People 0.3765625 0.48046875 0.0171875 0.0703125
People 0.415625 0.48046875 0.01875 0.07421875
People 0.534375 0.513671875 0.015625 0.072265625
People 0.50703125 0.501953125 0.02578125 0.083984375
Cars 0.6015625 0.4716796875 0.0359375 0.0341796875
Cars 0.4625 0.4501953125 0.03125 0.0322265625
Cars 0.7 0.435546875 0.040625 0.025390625
Cars 0.815625 0.4482421875 0.059375 0.0263671875
People 0.35859375 0.4580078125 0.01484375 0.0576171875
Cars 0.67421875 0.4521484375 0.03359375 0.0185546875
