People 0.60625 0.4814453125 0.0125 0.0341796875
People 0.73125 0.4716796875 0.0109375 0.0380859375
Cars 0.1671875 0.5 0.0671875 0.04296875
Cars 0.23359375 0.4873046875 0.02734375 0.0302734375
Cars 0.29609375 0.48046875 0.03359375 0.0234375
Cars 0.32734375 0.470703125 0.02265625 0.02734375
Cars 0.35625 0.474609375 0.01875 0.021484375
Cars 0.43671875 0.45703125 0.01171875 0.013671875
Cars 0.3765625 0.470703125 0.0140625 0.017578125
Cars 0.47265625 0.4580078125 0.01015625 0.0087890625
Cars 0.5109375 0.45703125 0.00625 0.0078125
People 0.5203125 0.453125 0.00625 0.015625
Bicycles 0.60703125 0.4990234375 0.00703125 0.0205078125
