People 0.95234375 0.541015625 0.04609375 0.265625
People 0.6609375 0.564453125 0.0828125 0.244140625
People 0.3953125 0.4814453125 0.015625 0.0517578125
People 0.3546875 0.486328125 0.0125 0.05078125
Cars 0.846875 0.529296875 0.103125 0.107421875
Cars 0.775 0.462890625 0.0375 0.056640625
Cars 0.59765625 0.501953125 0.03046875 0.09375
Cars 0.528125 0.505859375 0.034375 0.056640625
Cars 0.5125 0.4873046875 0.0703125 0.0576171875
Cars 0.08203125 0.4912109375 0.06171875 0.0537109375
Cars 0.12421875 0.4755859375 0.02890625 0.0302734375
Cars 0.03671875 0.494140625 0.03515625 0.05859375
Cars 0.43359375 0.4853515625 0.01796875 0.0263671875
