Cars 0.85234375 0.443359375 0.02109375 0.017578125
Cars 0.809375 0.451171875 0.015625 0.01953125
Cars 0.77109375 0.453125 0.02109375 0.017578125
Cars 0.66015625 0.443359375 0.09140625 0.02734375
Cars 0.5578125 0.46484375 0.0109375 0.0234375
Cars 0.496875 0.4560546875 0.0328125 0.0322265625
Cars 0.40546875 0.4755859375 0.05234375 0.0498046875
Cars 0.33828125 0.4677734375 0.01796875 0.0302734375
People 0.31015625 0.4755859375 0.01015625 0.0283203125
Cars 0.26796875 0.4736328125 0.01796875 0.0302734375
Cars 0.94765625 0.46484375 0.05078125 0.048828125
