Bicycles 0.321875 0.546875 0.0484375 0.044921875
Bicycles 0.41171875 0.5927734375 0.02890625 0.0419921875
Bicycles 0.11796875 0.59375 0.02890625 0.04296875
Bicycles 0.0453125 0.6123046875 0.0421875 0.0654296875
People 0.4171875 0.5419921875 0.0171875 0.0615234375
People 0.83984375 0.4755859375 0.01015625 0.0302734375
People 0.865625 0.4755859375 0.009375 0.0283203125
Cars 0.7328125 0.4443359375 0.0140625 0.0166015625
People 0.528125 0.470703125 0.0125 0.03125
People 0.51171875 0.474609375 0.01171875 0.029296875
