Cars 0.784375 0.48046875 0.0453125 0.033203125
People 0.7296875 0.4609375 0.009375 0.01953125
People 0.703125 0.4599609375 0.00625 0.0185546875
People 0.68984375 0.458984375 0.01015625 0.01953125
Cars 0.6546875 0.4619140625 0.015625 0.0166015625
Cars 0.60703125 0.470703125 0.03046875 0.03515625
Cars 0.49453125 0.474609375 0.06640625 0.0703125
People 0.4125 0.4580078125 0.009375 0.0205078125
People 0.22109375 0.478515625 0.01015625 0.029296875
People 0.1765625 0.46875 0.0109375 0.0234375
People 0.15625 0.466796875 0.009375 0.0234375
People 0.12890625 0.4599609375 0.01015625 0.0224609375
People 0.0453125 0.4990234375 0.0109375 0.0283203125
People 0.08203125 0.478515625 0.01015625 0.025390625
People 0.0609375 0.4580078125 0.009375 0.0166015625
People 0.040625 0.4501953125 0.0109375 0.0146484375
People 0.025 0.45703125 0.0125 0.015625
People 0.025 0.5029296875 0.009375 0.0244140625
