Cars 0.34453125 0.48046875 0.02109375 0.01953125
Cars 0.38828125 0.494140625 0.03984375 0.037109375
Cars 0.46796875 0.46875 0.02109375 0.021484375
People 0.94296875 0.552734375 0.02890625 0.126953125
People 0.96484375 0.6552734375 0.03359375 0.1865234375
People 0.15546875 0.4794921875 0.01328125 0.0380859375
People 0.12890625 0.48046875 0.01171875 0.041015625
People 0.73984375 0.4794921875 0.01015625 0.0302734375
People 0.5671875 0.46875 0.009375 0.0234375
People 0.5359375 0.4638671875 0.0078125 0.0146484375
People 0.23828125 0.466796875 0.01015625 0.029296875
People 0.6890625 0.47265625 0.009375 0.025390625
People 0.7 0.4755859375 0.0078125 0.0302734375
People 0.71875 0.4755859375 0.009375 0.0283203125
