People 0.89765625 0.515625 0.01796875 0.08203125
People 0.8453125 0.515625 0.015625 0.080078125
People 0.634375 0.470703125 0.0109375 0.033203125
People 0.6109375 0.470703125 0.0125 0.03125
Cars 0.76953125 0.4794921875 0.02265625 0.0322265625
Cars 0.728125 0.48046875 0.009375 0.02734375
Cars 0.72265625 0.4697265625 0.01484375 0.0322265625
Cars 0.27890625 0.466796875 0.03046875 0.029296875
Cars 0.22421875 0.466796875 0.02578125 0.02734375
Cars 0.153125 0.4580078125 0.03125 0.0283203125
Cars 0.93046875 0.447265625 0.02578125 0.01171875
