Cars 0.87265625 0.6240234375 0.12578125 0.1982421875
People 0.73359375 0.55078125 0.01640625 0.06640625
People 0.7015625 0.537109375 0.0171875 0.076171875
Cars 0.68671875 0.52734375 0.09921875 0.08203125
Cars 0.61328125 0.4990234375 0.06015625 0.0654296875
Cars 0.5515625 0.4853515625 0.021875 0.0478515625
Cars 0.49921875 0.470703125 0.02109375 0.029296875
Cars 0.46328125 0.4814453125 0.02890625 0.0283203125
Cars 0.3421875 0.490234375 0.0453125 0.05078125
Cars 0.40390625 0.4775390625 0.01171875 0.0126953125
Cars 0.2625 0.486328125 0.025 0.046875
Cars 0.184375 0.498046875 0.059375 0.0625
