People 0.76953125 0.494140625 0.02734375 0.06640625
Cars 0.87421875 0.4814453125 0.03671875 0.0185546875
Cars 0.678125 0.4853515625 0.0625 0.0224609375
Cars 0.640625 0.4658203125 0.05 0.0224609375
Cars 0.5671875 0.4736328125 0.0140625 0.0185546875
Cars 0.2953125 0.4638671875 0.0125 0.0146484375
Cars 0.0671875 0.47265625 0.021875 0.03125
Cars 0.025 0.4736328125 0.01875 0.0341796875
Cars 0.1421875 0.4755859375 0.0171875 0.0224609375
People 0.3453125 0.470703125 0.0125 0.03125
Cars 0.81953125 0.505859375 0.02421875 0.015625
Cars 0.81953125 0.484375 0.03671875 0.0234375
