Cars 0.12421875 0.703125 0.12421875 0.21484375
Cars 0.22890625 0.53515625 0.04140625 0.04296875
Cars 0.2640625 0.513671875 0.0421875 0.0390625
Cars 0.37109375 0.4833984375 0.02734375 0.0283203125
Cars 0.40234375 0.46875 0.01484375 0.01953125
People 0.33515625 0.49609375 0.01484375 0.04296875
Cars 0.859375 0.736328125 0.1359375 0.17578125
Cars 0.71875 0.5908203125 0.096875 0.0908203125
Cars 0.66328125 0.53125 0.05859375 0.0625
Cars 0.640625 0.505859375 0.05 0.060546875
People 0.50625 0.4677734375 0.0125 0.0283203125
People 0.3078125 0.505859375 0.0203125 0.033203125
Bicycles 0.33359375 0.525390625 0.01015625 0.03125
Cars 0.41875 0.462890625 0.0140625 0.017578125
People 0.434375 0.4541015625 0.009375 0.0185546875
Cars 0.51171875 0.4560546875 0.02109375 0.0205078125
Cars 0.7671875 0.44921875 0.0484375 0.01953125
Cars 0.7046875 0.4482421875 0.0203125 0.0185546875
Cars 0.57421875 0.4638671875 0.02578125 0.0341796875
Cars 0.590625 0.4873046875 0.01875 0.0322265625
