People 0.28359375 0.4677734375 0.01171875 0.0341796875
People 0.3046875 0.4658203125 0.0109375 0.0380859375
People 0.33203125 0.4619140625 0.01015625 0.0322265625
People 0.39375 0.4541015625 0.015625 0.0263671875
People 0.39609375 0.4921875 0.01484375 0.046875
People 0.43828125 0.48046875 0.01328125 0.052734375
People 0.46640625 0.4833984375 0.01328125 0.0517578125
People 0.51015625 0.48046875 0.01640625 0.048828125
People 0.7546875 0.490234375 0.021875 0.083984375
People 0.7875 0.48046875 0.0171875 0.095703125
Cars 0.54609375 0.47265625 0.02265625 0.02734375
Cars 0.14296875 0.59765625 0.13984375 0.171875
People 0.63125 0.4755859375 0.025 0.0517578125
People 0.3546875 0.4765625 0.015625 0.044921875
