People 0.92734375 0.474609375 0.01015625 0.046875
People 0.89296875 0.4716796875 0.01328125 0.0458984375
People 0.86640625 0.4716796875 0.01640625 0.0458984375
People 0.7046875 0.46875 0.0125 0.04296875
People 0.5015625 0.4873046875 0.028125 0.0458984375
People 0.38984375 0.4560546875 0.01171875 0.0322265625
People 0.05859375 0.4736328125 0.01640625 0.0439453125
Cars 0.25390625 0.49609375 0.09140625 0.04296875
Bicycles 0.5046875 0.517578125 0.05 0.033203125
People 0.115625 0.4521484375 0.0109375 0.0166015625
People 0.09296875 0.4501953125 0.01171875 0.0166015625
People 0.3203125 0.45703125 0.0078125 0.01953125
People 0.61796875 0.4638671875 0.01015625 0.0302734375
Cars 0.41640625 0.4541015625 0.01328125 0.0166015625
Cars 0.48984375 0.4619140625 0.01328125 0.0146484375
Cars 0.48125 0.4599609375 0.0140625 0.0205078125
Cars 0.4671875 0.4560546875 0.0125 0.0126953125
