Cars 0.28671875 0.4794921875 0.02421875 0.0185546875
Cars 0.3078125 0.4658203125 0.0203125 0.0205078125
Cars 0.51640625 0.478515625 0.02109375 0.021484375
Cars 0.45078125 0.4951171875 0.05078125 0.0517578125
People 0.81875 0.4990234375 0.015625 0.0537109375
People 0.07890625 0.4794921875 0.01328125 0.0419921875
People 0.053125 0.48046875 0.0140625 0.041015625
Cars 0.35625 0.47265625 0.0140625 0.015625
Cars 0.39921875 0.470703125 0.01171875 0.01171875
People 0.1359375 0.4716796875 0.009375 0.0283203125
