Bicycles 0.41796875 0.701171875 0.01796875 0.078125
Bicycles 0.27421875 0.5751953125 0.01640625 0.0361328125
People 0.41015625 0.6171875 0.03984375 0.130859375
People 0.27421875 0.5322265625 0.02421875 0.0673828125
Cars 0.1921875 0.5400390625 0.0734375 0.0771484375
Cars 0.34765625 0.4814453125 0.03046875 0.0439453125
Cars 0.32734375 0.494140625 0.02734375 0.044921875
Cars 0.4375 0.453125 0.01875 0.017578125
Cars 0.575 0.4541015625 0.0203125 0.0205078125
Cars 0.61640625 0.501953125 0.02734375 0.0390625
Cars 0.67421875 0.513671875 0.05234375 0.05078125
Cars 0.7171875 0.556640625 0.0734375 0.06640625
Cars 0.853125 0.6162109375 0.1234375 0.1005859375
Cars 0.67890625 0.435546875 0.01484375 0.01953125
Cars 0.740625 0.435546875 0.0390625 0.021484375
Cars 0.834375 0.45703125 0.021875 0.01953125
Cars 0.46640625 0.4482421875 0.01328125 0.0166015625
Cars 0.47890625 0.44140625 0.01328125 0.015625
Cars 0.4984375 0.4443359375 0.0109375 0.0126953125
Cars 0.39609375 0.4794921875 0.01796875 0.0361328125
