People 0.44296875 0.4599609375 0.01015625 0.0205078125
Cars 0.8390625 0.630859375 0.1234375 0.11328125
Cars 0.725 0.5498046875 0.0703125 0.0732421875
Cars 0.6546875 0.5185546875 0.0421875 0.0576171875
Cars 0.20390625 0.4833984375 0.07109375 0.0361328125
Cars 0.084375 0.4794921875 0.0359375 0.0341796875
Cars 0.02578125 0.509765625 0.02578125 0.041015625
Cars 0.121875 0.46484375 0.034375 0.0234375
Cars 0.26796875 0.4677734375 0.04296875 0.0263671875
Cars 0.3765625 0.45703125 0.0171875 0.025390625
Cars 0.425 0.45703125 0.0125 0.015625
Cars 0.6140625 0.4833984375 0.0328125 0.0380859375
Cars 0.58828125 0.47265625 0.02109375 0.03125
Cars 0.50234375 0.44140625 0.01328125 0.013671875
