People 0.60703125 0.4580078125 0.01171875 0.0458984375
People 0.66640625 0.4560546875 0.01640625 0.0478515625
People 0.7359375 0.5029296875 0.0265625 0.0849609375
People 0.7859375 0.484375 0.028125 0.099609375
People 0.978125 0.533203125 0.01875 0.1484375
People 0.8921875 0.591796875 0.0734375 0.232421875
Cars 0.440625 0.478515625 0.053125 0.03125
Cars 0.2796875 0.6025390625 0.278125 0.1376953125
Cars 0.96015625 0.408203125 0.03828125 0.03125
People 0.63671875 0.466796875 0.01484375 0.044921875
