People 0.0421875 0.4794921875 0.0109375 0.0380859375
People 0.06328125 0.482421875 0.01328125 0.041015625
Cars 0.284375 0.498046875 0.053125 0.04296875
Cars 0.42890625 0.5048828125 0.09921875 0.1064453125
People 0.815625 0.478515625 0.0140625 0.0390625
People 0.79921875 0.4765625 0.01015625 0.037109375
People 0.728125 0.48046875 0.009375 0.041015625
People 0.70078125 0.470703125 0.01015625 0.04296875
People 0.88671875 0.451171875 0.01484375 0.02734375
People 0.84609375 0.48828125 0.01484375 0.056640625
