Cars 0.24765625 0.474609375 0.06484375 0.05859375
Cars 0.33125 0.470703125 0.021875 0.025390625
Cars 0.353125 0.4609375 0.0203125 0.0234375
Cars 0.63203125 0.4765625 0.01796875 0.037109375
Cars 0.8203125 0.5126953125 0.05 0.0791015625
Cars 0.959375 0.5498046875 0.0390625 0.0830078125
Cars 0.93125 0.5068359375 0.021875 0.0302734375
People 0.87734375 0.505859375 0.03984375 0.12109375
Bicycles 0.9109375 0.611328125 0.0265625 0.052734375
Bicycles 0.846875 0.6015625 0.01875 0.044921875
Bicycles 0.75078125 0.564453125 0.01796875 0.04296875
People 0.7515625 0.5078125 0.0265625 0.078125
People 0.68984375 0.484375 0.02578125 0.06640625
Bicycles 0.68984375 0.537109375 0.01171875 0.029296875
People 0.65234375 0.494140625 0.01171875 0.044921875
People 0.6046875 0.4814453125 0.015625 0.0458984375
People 0.5625 0.47265625 0.0125 0.044921875
