People 0.11796875 0.4833984375 0.01484375 0.0283203125
People 0.94375 0.482421875 0.015625 0.033203125
People 0.98046875 0.490234375 0.01640625 0.029296875
People 0.82890625 0.4853515625 0.01328125 0.0283203125
People 0.78203125 0.486328125 0.01015625 0.025390625
People 0.7640625 0.4873046875 0.0125 0.0283203125
People 0.74296875 0.4833984375 0.01328125 0.0263671875
Cars 0.57265625 0.5078125 0.02890625 0.03125
Cars 0.40859375 0.501953125 0.02578125 0.025390625
Cars 0.53203125 0.48828125 0.01328125 0.015625
People 0.26484375 0.4873046875 0.01015625 0.0224609375
People 0.7 0.4970703125 0.0109375 0.0322265625
People 0.215625 0.4970703125 0.009375 0.0302734375
