Cars 0.1609375 0.548828125 0.1609375 0.115234375
Cars 0.36796875 0.4755859375 0.06640625 0.0654296875
Cars 0.46484375 0.45703125 0.03203125 0.03515625
People 0.71015625 0.4609375 0.01015625 0.025390625
People 0.6984375 0.4462890625 0.00625 0.0205078125
People 0.7265625 0.447265625 0.0078125 0.01171875
People 0.65390625 0.4501953125 0.00859375 0.0224609375
People 0.8015625 0.4384765625 0.009375 0.0224609375
People 0.5921875 0.4521484375 0.0078125 0.0185546875
People 0.5796875 0.4501953125 0.009375 0.0205078125
People 0.1359375 0.42578125 0.0109375 0.015625
