People 0.5640625 0.5 0.0125 0.046875
Cars 0.434375 0.4072265625 0.009375 0.0146484375
Cars 0.41171875 0.40625 0.01015625 0.01171875
Cars 0.3796875 0.404296875 0.009375 0.01171875
Cars 0.4421875 0.4345703125 0.0140625 0.0126953125
Cars 0.46015625 0.462890625 0.02109375 0.0234375
Cars 0.35625 0.4208984375 0.009375 0.0126953125
Cars 0.34609375 0.435546875 0.01171875 0.013671875
Cars 0.3390625 0.4501953125 0.0125 0.0146484375
Cars 0.31875 0.4619140625 0.009375 0.0146484375
Cars 0.265625 0.484375 0.0515625 0.052734375
Cars 0.38046875 0.4296875 0.01171875 0.015625
