People 0.96015625 0.5126953125 0.03828125 0.1904296875
People 0.8640625 0.5126953125 0.0609375 0.2158203125
People 0.78828125 0.435546875 0.00703125 0.037109375
People 0.77421875 0.439453125 0.00703125 0.04296875
People 0.6984375 0.419921875 0.0109375 0.015625
Cars 0.34375 0.443359375 0.0203125 0.015625
People 0.30546875 0.4326171875 0.00546875 0.0107421875
People 0.2453125 0.4423828125 0.0078125 0.0244140625
People 0.22890625 0.4306640625 0.00703125 0.0205078125
People 0.09140625 0.435546875 0.01015625 0.0234375
People 0.078125 0.4345703125 0.009375 0.0283203125
