People 0.93984375 0.490234375 0.05859375 0.193359375
People 0.7203125 0.4853515625 0.0515625 0.1767578125
People 0.6671875 0.4658203125 0.0234375 0.0849609375
People 0.61953125 0.4658203125 0.02265625 0.0849609375
Cars 0.3515625 0.453125 0.0265625 0.02734375
Cars 0.32890625 0.4716796875 0.03515625 0.0341796875
Cars 0.4234375 0.4638671875 0.01875 0.0185546875
People 0.5921875 0.470703125 0.0125 0.03515625
People 0.5890625 0.4404296875 0.0125 0.0224609375
People 0.565625 0.462890625 0.0109375 0.02734375
People 0.55 0.4580078125 0.0109375 0.0283203125
People 0.4890625 0.458984375 0.0125 0.033203125
People 0.51015625 0.458984375 0.01015625 0.03125
People 0.53125 0.458984375 0.0109375 0.033203125
