Bicycles 0.9875 0.478515625 0.0109375 0.025390625
Bicycles 0.9671875 0.4794921875 0.0109375 0.0205078125
Bicycles 0.93828125 0.482421875 0.01328125 0.0234375
Bicycles 0.91796875 0.48046875 0.01171875 0.021484375
Bicycles 0.8875 0.482421875 0.0125 0.021484375
Bicycles 0.86640625 0.48046875 0.01328125 0.01953125
Bicycles 0.84453125 0.474609375 0.01171875 0.025390625
Bicycles 0.8171875 0.470703125 0.0140625 0.02734375
Bicycles 0.63125 0.458984375 0.015625 0.01953125
Bicycles 0.5828125 0.4580078125 0.0125 0.0185546875
Cars 0.53359375 0.4365234375 0.03359375 0.0283203125
