Cars 0.271875 0.46875 0.0515625 0.03515625
Cars 0.1828125 0.458984375 0.0484375 0.02734375
Cars 0.1140625 0.447265625 0.0359375 0.025390625
People 0.69140625 0.537109375 0.02421875 0.07421875
People 0.72734375 0.48046875 0.02109375 0.041015625
People 0.4140625 0.462890625 0.0125 0.037109375
People 0.39453125 0.455078125 0.01015625 0.033203125
Bicycles 0.8625 0.5126953125 0.034375 0.0341796875
Bicycles 0.8234375 0.51171875 0.021875 0.03125
People 0.2421875 0.4384765625 0.0109375 0.0224609375
Cars 0.02109375 0.4345703125 0.02109375 0.0302734375
Bicycles 0.38671875 0.4951171875 0.01171875 0.0224609375
