People 0.978125 0.5234375 0.0203125 0.0703125
People 0.92578125 0.521484375 0.01484375 0.048828125
People 0.89140625 0.51171875 0.01484375 0.056640625
People 0.86171875 0.5166015625 0.01484375 0.0576171875
People 0.765625 0.521484375 0.0140625 0.0546875
People 0.73125 0.5302734375 0.00625 0.0419921875
People 0.70859375 0.5322265625 0.01171875 0.0419921875
People 0.6984375 0.525390625 0.0078125 0.044921875
People 0.68125 0.5322265625 0.0140625 0.0439453125
People 0.66015625 0.5341796875 0.01328125 0.0439453125
People 0.6421875 0.53515625 0.0109375 0.03125
People 0.6296875 0.5380859375 0.0109375 0.0322265625
People 0.61015625 0.537109375 0.01015625 0.03125
People 0.58828125 0.5390625 0.01015625 0.029296875
People 0.575 0.5361328125 0.009375 0.0263671875
People 0.56328125 0.5380859375 0.01015625 0.0224609375
Cars 0.4109375 0.494140625 0.0078125 0.009765625
Cars 0.40390625 0.509765625 0.00859375 0.009765625
Cars 0.42890625 0.5107421875 0.01015625 0.0107421875
Cars 0.4109375 0.552734375 0.0171875 0.033203125
Cars 0.38046875 0.5361328125 0.01640625 0.0205078125
Cars 0.3359375 0.537109375 0.021875 0.021484375
Cars 0.4671875 0.5498046875 0.0359375 0.0439453125
People 0.30625 0.5380859375 0.00625 0.0205078125
People 0.26640625 0.5302734375 0.00703125 0.0224609375
People 0.25703125 0.53125 0.00703125 0.021484375
People 0.228125 0.5380859375 0.0078125 0.0205078125
Cars 0.196875 0.5576171875 0.0140625 0.0185546875
Cars 0.16875 0.5498046875 0.0109375 0.0263671875
