People 0.45859375 0.4755859375 0.01640625 0.0361328125
People 0.3734375 0.474609375 0.0140625 0.041015625
People 0.23125 0.4638671875 0.009375 0.0263671875
Cars 0.3921875 0.4658203125 0.0109375 0.0185546875
Cars 0.7171875 0.462890625 0.0328125 0.03125
Bicycles 0.73203125 0.5322265625 0.03515625 0.0537109375
Bicycles 0.9203125 0.5478515625 0.01875 0.0458984375
Bicycles 0.78203125 0.509765625 0.03046875 0.0703125
Bicycles 0.83828125 0.5234375 0.01640625 0.060546875
Bicycles 0.93984375 0.51953125 0.01015625 0.044921875
Cars 0.646875 0.4599609375 0.0125 0.0361328125
People 0.55 0.4560546875 0.0046875 0.0146484375
People 0.340625 0.45703125 0.00625 0.017578125
Bicycles 0.140625 0.494140625 0.0125 0.0390625
Bicycles 0.11796875 0.4921875 0.01015625 0.037109375
Bicycles 0.09375 0.48828125 0.0125 0.0390625
Bicycles 0.078125 0.4912109375 0.0078125 0.0419921875
Bicycles 0.02109375 0.5029296875 0.02109375 0.0458984375
