People 0.93828125 0.478515625 0.03828125 0.119140625
People 0.7828125 0.46484375 0.0359375 0.1328125
People 0.553125 0.4775390625 0.0234375 0.0849609375
People 0.51015625 0.474609375 0.02109375 0.087890625
People 0.3859375 0.4453125 0.0109375 0.029296875
Cars 0.1625 0.4453125 0.0421875 0.041015625
Cars 0.25390625 0.443359375 0.01328125 0.013671875
Cars 0.325 0.455078125 0.0296875 0.03125
Cars 0.034375 0.451171875 0.03125 0.037109375
Cars 0.871875 0.5078125 0.040625 0.0390625
Cars 0.971875 0.482421875 0.0265625 0.06640625
