People 0.9390625 0.45703125 0.01875 0.072265625
People 0.9078125 0.455078125 0.0203125 0.076171875
Bicycles 0.803125 0.486328125 0.0203125 0.0390625
People 0.80390625 0.458984375 0.02421875 0.060546875
Cars 0.421875 0.4541015625 0.028125 0.0283203125
Cars 0.49453125 0.4599609375 0.02421875 0.0302734375
Cars 0.50546875 0.4697265625 0.02578125 0.0224609375
Cars 0.278125 0.4453125 0.021875 0.01171875
Cars 0.271875 0.470703125 0.03125 0.025390625
People 0.54375 0.4462890625 0.009375 0.0166015625
People 0.5609375 0.447265625 0.009375 0.015625
