Cars 0.9703125 0.56640625 0.028125 0.1171875
Cars 0.89375 0.4912109375 0.1046875 0.1005859375
Dogs 0.84375 0.623046875 0.0359375 0.0546875
People 0.728125 0.53515625 0.03125 0.138671875
Cars 0.6796875 0.5 0.0375 0.107421875
People 0.60859375 0.505859375 0.03046875 0.107421875
Cars 0.5578125 0.494140625 0.0296875 0.052734375
Cars 0.51640625 0.478515625 0.01328125 0.041015625
Cars 0.4890625 0.4775390625 0.0140625 0.0302734375
Cars 0.39765625 0.4912109375 0.08515625 0.1064453125
Cars 0.3078125 0.4677734375 0.0140625 0.0263671875
Cars 0.284375 0.47265625 0.01875 0.03515625
Cars 0.2640625 0.4814453125 0.01875 0.0380859375
Cars 0.128125 0.478515625 0.128125 0.109375
Cars 0.0765625 0.5263671875 0.0765625 0.1025390625
Cars 0.77890625 0.49609375 0.06640625 0.111328125
Cars 0.0109375 0.564453125 0.0109375 0.076171875
