People 0.5578125 0.49609375 0.05625 0.0859375
People 0.2546875 0.5 0.0265625 0.0859375
People 0.178125 0.4912109375 0.021875 0.0654296875
Cars 0.0421875 0.5 0.040625 0.064453125
Cars 0.3109375 0.4755859375 0.01875 0.0205078125
Cars 0.3515625 0.4755859375 0.028125 0.0263671875
Bicycles 0.6203125 0.556640625 0.0421875 0.0703125
Bicycles 0.52265625 0.5712890625 0.03671875 0.0498046875
Bicycles 0.25703125 0.5556640625 0.03046875 0.0537109375
Bicycles 0.175 0.537109375 0.015625 0.03515625
Cars 0.509375 0.4814453125 0.0109375 0.0263671875
Cars 0.49921875 0.4765625 0.01171875 0.021484375
Cars 0.38515625 0.4716796875 0.01171875 0.0166015625
Cars 0.153125 0.4765625 0.01875 0.0390625
