People 0.44375 0.4931640625 0.021875 0.0849609375
People 0.3203125 0.47265625 0.0125 0.05078125
People 0.13671875 0.4794921875 0.02421875 0.0810546875
Cars 0.03046875 0.462890625 0.03046875 0.08203125
Cars 0.07890625 0.4814453125 0.03359375 0.0498046875
Cars 0.37421875 0.4765625 0.04296875 0.044921875
Cars 0.49375 0.453125 0.0421875 0.01953125
Cars 0.50078125 0.505859375 0.03671875 0.052734375
Cars 0.56484375 0.498046875 0.05078125 0.07421875
Cars 0.59375 0.5048828125 0.0390625 0.0771484375
Cars 0.64140625 0.4990234375 0.03359375 0.0830078125
Cars 0.82265625 0.4794921875 0.17421875 0.1787109375
Cars 0.29375 0.4755859375 0.0203125 0.0302734375
Cars 0.2640625 0.46875 0.0234375 0.0234375
Cars 0.225 0.4677734375 0.015625 0.0224609375
People 0.17265625 0.4638671875 0.01015625 0.0302734375
