Cars 0.175 0.4345703125 0.034375 0.0361328125
Cars 0.234375 0.4111328125 0.0203125 0.0205078125
Cars 0.28828125 0.4287109375 0.02578125 0.0263671875
Cars 0.4453125 0.4453125 0.0296875 0.03125
Cars 0.59609375 0.4619140625 0.03359375 0.0380859375
Cars 0.2203125 0.486328125 0.05625 0.056640625
People 0.86875 0.4443359375 0.021875 0.0498046875
People 0.834375 0.435546875 0.015625 0.044921875
People 0.7984375 0.4384765625 0.0203125 0.0439453125
People 0.1125 0.44140625 0.0109375 0.04296875
People 0.075 0.4375 0.0109375 0.037109375
Cars 0.41640625 0.423828125 0.01640625 0.025390625
Cars 0.3953125 0.423828125 0.0125 0.015625
Cars 0.70546875 0.421875 0.02265625 0.021484375
People 0.665625 0.4072265625 0.0109375 0.0205078125
Cars 0.66953125 0.4423828125 0.04140625 0.0205078125
