Cars 0.93671875 0.4716796875 0.01796875 0.0224609375
Cars 0.88125 0.474609375 0.0296875 0.025390625
People 0.81484375 0.47265625 0.00546875 0.01953125
People 0.8078125 0.474609375 0.0046875 0.015625
People 0.78671875 0.474609375 0.00546875 0.013671875
Cars 0.7 0.4775390625 0.0125 0.0166015625
Cars 0.659375 0.4853515625 0.0296875 0.0322265625
Cars 0.6203125 0.4873046875 0.0125 0.0146484375
Cars 0.503125 0.494140625 0.0328125 0.029296875
Cars 0.36015625 0.4990234375 0.04609375 0.0244140625
Cars 0.209375 0.53125 0.1046875 0.072265625
Cars 0.059375 0.4970703125 0.040625 0.0205078125
Cars 0.12421875 0.4951171875 0.01171875 0.0224609375
