Cars 0.8359375 0.58203125 0.1125 0.10546875
Cars 0.91875 0.705078125 0.0765625 0.18359375
People 0.2921875 0.4619140625 0.0140625 0.0322265625
People 0.4140625 0.4580078125 0.0109375 0.0263671875
People 0.40078125 0.453125 0.01015625 0.0234375
People 0.68984375 0.4609375 0.01015625 0.01953125
People 0.659375 0.4609375 0.009375 0.0234375
People 0.59375 0.4560546875 0.009375 0.0146484375
People 0.58125 0.4560546875 0.009375 0.0146484375
People 0.571875 0.45703125 0.00625 0.017578125
People 0.3796875 0.451171875 0.009375 0.0234375
People 0.3625 0.4482421875 0.009375 0.0224609375
Cars 0.73203125 0.525390625 0.07734375 0.08203125
Cars 0.62578125 0.4755859375 0.02890625 0.0302734375
People 0.26640625 0.44921875 0.01171875 0.037109375
