Cars 0.67265625 0.4755859375 0.02890625 0.0419921875
Cars 0.58515625 0.490234375 0.01171875 0.017578125
Cars 0.3890625 0.48046875 0.0296875 0.03125
People 0.46015625 0.47265625 0.01171875 0.033203125
People 0.4859375 0.470703125 0.0125 0.03515625
People 0.48828125 0.560546875 0.03046875 0.064453125
Bicycles 0.778125 0.607421875 0.0109375 0.07421875
People 0.63125 0.54296875 0.0359375 0.109375
People 0.70546875 0.50390625 0.02265625 0.0625
People 0.76640625 0.546875 0.04296875 0.115234375
People 0.80078125 0.482421875 0.02265625 0.052734375
People 0.8453125 0.5166015625 0.028125 0.0947265625
People 0.8953125 0.54296875 0.0328125 0.126953125
People 0.9734375 0.5361328125 0.0234375 0.1259765625
People 0.56328125 0.486328125 0.01328125 0.048828125
People 0.178125 0.44921875 0.0078125 0.015625
People 0.1875 0.4521484375 0.00625 0.0146484375
People 0.2765625 0.453125 0.00625 0.017578125
Bicycles 0.4859375 0.5869140625 0.01875 0.0361328125
