Cars 0.246875 0.546875 0.06875 0.060546875
Cars 0.33125 0.5048828125 0.040625 0.0380859375
Cars 0.37265625 0.48828125 0.01796875 0.03125
Cars 0.3953125 0.4765625 0.025 0.033203125
Cars 0.60390625 0.4833984375 0.03046875 0.0439453125
Cars 0.65703125 0.5048828125 0.03515625 0.0419921875
Cars 0.7609375 0.5458984375 0.103125 0.1044921875
Cars 0.95234375 0.7470703125 0.04296875 0.1376953125
People 0.48359375 0.46875 0.01015625 0.037109375
People 0.53359375 0.4765625 0.01328125 0.03515625
People 0.5796875 0.4921875 0.015625 0.03515625
Cars 0.46640625 0.4501953125 0.01328125 0.0146484375
Cars 0.42265625 0.46875 0.01015625 0.0234375
Cars 0.43359375 0.46484375 0.01171875 0.021484375
Cars 0.446875 0.458984375 0.009375 0.021484375
Cars 0.04765625 0.505859375 0.04765625 0.048828125
