People 0.89765625 0.4833984375 0.02109375 0.1044921875
People 0.953125 0.5244140625 0.015625 0.0615234375
People 0.9796875 0.482421875 0.015625 0.1328125
People 0.58984375 0.462890625 0.01171875 0.037109375
People 0.5640625 0.4677734375 0.0109375 0.0341796875
People 0.53671875 0.4638671875 0.01171875 0.0322265625
Cars 0.4390625 0.474609375 0.01875 0.01953125
Cars 0.37578125 0.4755859375 0.01796875 0.0205078125
Cars 0.40234375 0.474609375 0.01171875 0.017578125
People 0.50703125 0.462890625 0.01171875 0.03125
