Cars 0.2765625 0.5126953125 0.071875 0.0595703125
Cars 0.44140625 0.466796875 0.02421875 0.025390625
Cars 0.928125 0.4501953125 0.065625 0.0751953125
Cars 0.95234375 0.4853515625 0.04609375 0.0634765625
People 0.8515625 0.4912109375 0.025 0.0908203125
People 0.80234375 0.490234375 0.02421875 0.09765625
People 0.75078125 0.47265625 0.01796875 0.072265625
People 0.709375 0.4794921875 0.0171875 0.0634765625
People 0.61328125 0.4638671875 0.01328125 0.0361328125
People 0.59375 0.470703125 0.0125 0.03515625
People 0.0140625 0.5078125 0.0140625 0.048828125
People 0.55078125 0.4609375 0.00703125 0.0234375
Cars 0.64296875 0.451171875 0.01171875 0.015625
People 0.66015625 0.451171875 0.01015625 0.01953125
People 0.165625 0.48046875 0.009375 0.021484375
People 0.12734375 0.4892578125 0.01015625 0.0166015625
People 0.3671875 0.462890625 0.0046875 0.015625
People 0.37421875 0.466796875 0.00546875 0.01171875
People 0.38046875 0.4609375 0.00546875 0.015625
