Cars 0.23203125 0.4423828125 0.04140625 0.0185546875
Cars 0.31015625 0.4970703125 0.03984375 0.0439453125
Cars 0.20390625 0.5205078125 0.07734375 0.0654296875
Cars 0.3875 0.48046875 0.0328125 0.02734375
Cars 0.70234375 0.5322265625 0.06484375 0.0595703125
Cars 0.8703125 0.59375 0.128125 0.158203125
Cars 0.9390625 0.7119140625 0.059375 0.1630859375
People 0.61953125 0.5185546875 0.02109375 0.0654296875
People 0.58984375 0.4814453125 0.01328125 0.0458984375
People 0.56328125 0.490234375 0.01328125 0.05078125
Cars 0.41953125 0.474609375 0.01484375 0.01953125
People 0.39140625 0.443359375 0.01015625 0.013671875
Cars 0.4328125 0.4638671875 0.0140625 0.0224609375
Cars 0.46796875 0.455078125 0.01484375 0.015625
Cars 0.74765625 0.47265625 0.02265625 0.033203125
