Cars 0.91171875 0.7666015625 0.08515625 0.1533203125
Cars 0.8109375 0.59375 0.140625 0.12109375
Cars 0.68125 0.54296875 0.0375 0.056640625
Cars 0.63046875 0.5009765625 0.04921875 0.0576171875
Cars 0.34453125 0.482421875 0.03828125 0.048828125
Cars 0.30546875 0.50390625 0.03671875 0.048828125
Cars 0.259375 0.5244140625 0.0375 0.0517578125
Cars 0.1953125 0.5517578125 0.0515625 0.0654296875
People 0.02578125 0.515625 0.02109375 0.03125
Cars 0.1046875 0.587890625 0.08125 0.08984375
Cars 0.06875 0.45703125 0.0234375 0.015625
Cars 0.409375 0.4580078125 0.015625 0.0224609375
Cars 0.11875 0.45703125 0.034375 0.015625
Cars 0.428125 0.45703125 0.0109375 0.015625
Cars 0.440625 0.4521484375 0.0109375 0.0166015625
Cars 0.571875 0.470703125 0.015625 0.025390625
People 0.5515625 0.4658203125 0.0109375 0.0322265625
People 0.54296875 0.470703125 0.01015625 0.033203125
People 0.53125 0.466796875 0.009375 0.03125
