Cars 0.15703125 0.5615234375 0.09296875 0.0732421875
Cars 0.2390625 0.515625 0.05625 0.0546875
Cars 0.32421875 0.4921875 0.03671875 0.03125
Cars 0.6125 0.48046875 0.0375 0.03125
Cars 0.65859375 0.529296875 0.03984375 0.052734375
Cars 0.71015625 0.5625 0.04609375 0.068359375
Cars 0.85 0.61328125 0.140625 0.12890625
Cars 0.0578125 0.4697265625 0.04375 0.0146484375
Cars 0.1515625 0.47265625 0.0546875 0.03125
Cars 0.35859375 0.451171875 0.01640625 0.017578125
Cars 0.39140625 0.462890625 0.02265625 0.021484375
Cars 0.4078125 0.45703125 0.0171875 0.021484375
Cars 0.5015625 0.427734375 0.0109375 0.01171875
Cars 0.56328125 0.4638671875 0.01640625 0.0205078125
Cars 0.578125 0.4765625 0.0140625 0.0234375
Cars 0.5390625 0.443359375 0.0109375 0.013671875
People 0.4296875 0.4423828125 0.00625 0.0146484375
People 0.45703125 0.4384765625 0.00546875 0.0146484375
