People 0.61640625 0.4541015625 0.02109375 0.0458984375
People 0.55703125 0.46875 0.01328125 0.0546875
People 0.521875 0.4697265625 0.009375 0.0419921875
People 0.5 0.4716796875 0.009375 0.0439453125
Cars 0.4515625 0.46484375 0.0171875 0.017578125
Cars 0.42265625 0.4658203125 0.01328125 0.0185546875
Cars 0.37734375 0.4716796875 0.03203125 0.0341796875
Cars 0.33984375 0.458984375 0.01328125 0.013671875
Cars 0.3140625 0.4658203125 0.01875 0.0185546875
Cars 0.25390625 0.466796875 0.04140625 0.041015625
Cars 0.14140625 0.4599609375 0.01171875 0.0126953125
Cars 0.1140625 0.458984375 0.0109375 0.015625
Cars 0.10234375 0.4658203125 0.01015625 0.0185546875
Cars 0.02890625 0.48046875 0.02890625 0.041015625
