Cars 0.928125 0.5517578125 0.0703125 0.1396484375
Cars 0.71015625 0.4765625 0.07265625 0.076171875
Cars 0.61875 0.4775390625 0.0234375 0.0302734375
Cars 0.58359375 0.474609375 0.01796875 0.029296875
Cars 0.53125 0.458984375 0.01875 0.017578125
Cars 0.47578125 0.4580078125 0.01328125 0.0146484375
Cars 0.41796875 0.45703125 0.01171875 0.015625
Cars 0.40234375 0.4580078125 0.01171875 0.0146484375
Cars 0.38515625 0.4580078125 0.01015625 0.0166015625
Cars 0.3703125 0.45703125 0.0125 0.01953125
Cars 0.353125 0.4619140625 0.0109375 0.0166015625
Cars 0.29140625 0.4580078125 0.03359375 0.0341796875
