Cars 0.93984375 0.6416015625 0.05859375 0.1416015625
Cars 0.73203125 0.5380859375 0.13515625 0.0615234375
Cars 0.3046875 0.521484375 0.0625 0.052734375
Cars 0.41796875 0.4638671875 0.02109375 0.0205078125
Cars 0.9375 0.4912109375 0.059375 0.0361328125
Cars 0.89765625 0.4794921875 0.05234375 0.0302734375
People 0.71015625 0.458984375 0.01328125 0.021484375
People 0.68828125 0.4560546875 0.01640625 0.0185546875
Cars 0.640625 0.4677734375 0.03125 0.0302734375
People 0.56015625 0.46875 0.01015625 0.029296875
People 0.53671875 0.4697265625 0.01328125 0.0302734375
Cars 0.48125 0.44921875 0.0171875 0.015625
People 0.32265625 0.451171875 0.00859375 0.017578125
People 0.31015625 0.455078125 0.00703125 0.015625
Cars 0.571875 0.45703125 0.015625 0.015625
