Bicycles 0.05234375 0.552734375 0.02421875 0.029296875
Bicycles 0.1359375 0.533203125 0.0203125 0.03125
Bicycles 0.1890625 0.52734375 0.0203125 0.021484375
People 0.0546875 0.51171875 0.021875 0.0546875
People 0.13203125 0.5009765625 0.01796875 0.0478515625
People 0.190625 0.4970703125 0.0203125 0.0361328125
Cars 0.17109375 0.484375 0.06171875 0.056640625
Cars 0.37265625 0.470703125 0.01015625 0.01171875
Cars 0.584375 0.4697265625 0.03125 0.0166015625
Cars 0.5828125 0.4873046875 0.0296875 0.0166015625
Bicycles 0.24453125 0.51953125 0.01015625 0.01953125
People 0.24375 0.4912109375 0.0125 0.0322265625
