People 0.09296875 0.49609375 0.03515625 0.103515625
People 0.3640625 0.4755859375 0.0140625 0.0576171875
People 0.50859375 0.5078125 0.02734375 0.091796875
Cars 0.4265625 0.482421875 0.0515625 0.046875
Cars 0.56328125 0.453125 0.04609375 0.01953125
Cars 0.56953125 0.5166015625 0.04765625 0.0634765625
Cars 0.6609375 0.501953125 0.0640625 0.08984375
Cars 0.71796875 0.5126953125 0.06640625 0.0947265625
Cars 0.80625 0.521484375 0.06875 0.134765625
Cars 0.91328125 0.484375 0.08359375 0.259765625
People 0.16875 0.4609375 0.015625 0.025390625
People 0.20703125 0.4599609375 0.01484375 0.0224609375
Bicycles 0.20859375 0.484375 0.01171875 0.021484375
Bicycles 0.16953125 0.4814453125 0.01171875 0.0224609375
Cars 0.328125 0.4765625 0.0203125 0.033203125
Cars 0.29296875 0.474609375 0.01484375 0.02734375
Cars 0.02890625 0.4931640625 0.02890625 0.0830078125
