Cars 0.36328125 0.484375 0.03359375 0.029296875
Cars 0.67578125 0.47265625 0.02109375 0.037109375
Cars 0.5640625 0.4873046875 0.0125 0.0185546875
People 0.54453125 0.4833984375 0.01328125 0.0458984375
People 0.4421875 0.46875 0.0140625 0.029296875
People 0.46171875 0.544921875 0.03828125 0.10546875
Bicycles 0.80703125 0.64453125 0.02578125 0.095703125
People 0.64765625 0.5498046875 0.03515625 0.1240234375
People 0.70234375 0.5 0.01796875 0.068359375
People 0.7359375 0.53515625 0.0328125 0.10546875
People 0.78046875 0.4609375 0.01796875 0.046875
People 0.80234375 0.56640625 0.04921875 0.158203125
People 0.85859375 0.470703125 0.01796875 0.060546875
People 0.89375 0.548828125 0.0390625 0.142578125
People 0.96328125 0.5439453125 0.03359375 0.1416015625
People 0.153125 0.453125 0.00625 0.017578125
People 0.16171875 0.453125 0.00703125 0.017578125
People 0.2421875 0.4560546875 0.00625 0.0185546875
People 0.93984375 0.45703125 0.00859375 0.0234375
