Cars 0.1109375 0.583984375 0.071875 0.060546875
Cars 0.2140625 0.5537109375 0.0421875 0.0380859375
Cars 0.25234375 0.5361328125 0.03046875 0.0380859375
Cars 0.2984375 0.5244140625 0.028125 0.0322265625
Cars 0.55 0.5634765625 0.0453125 0.0517578125
Cars 0.57265625 0.59765625 0.06328125 0.064453125
People 0.771875 0.607421875 0.0328125 0.087890625
Dogs 0.8671875 0.677734375 0.021875 0.033203125
Cars 0.090625 0.533203125 0.0359375 0.03515625
Cars 0.475 0.529296875 0.0203125 0.01953125
Cars 0.49375 0.546875 0.0171875 0.03125
People 0.37265625 0.5107421875 0.00859375 0.0185546875
