Cars 0.11796875 0.5205078125 0.11640625 0.0966796875
Cars 0.26484375 0.513671875 0.04296875 0.056640625
Cars 0.3015625 0.484375 0.0484375 0.0546875
Cars 0.3609375 0.4775390625 0.0234375 0.0205078125
Cars 0.43046875 0.462890625 0.02421875 0.021484375
Cars 0.51484375 0.4541015625 0.01171875 0.0146484375
Cars 0.5953125 0.4716796875 0.025 0.0224609375
Cars 0.746875 0.546875 0.065625 0.0703125
Cars 0.871875 0.587890625 0.125 0.107421875
People 0.7359375 0.4638671875 0.009375 0.0185546875
Cars 0.671875 0.5029296875 0.0421875 0.0458984375
Cars 0.45703125 0.4599609375 0.01328125 0.0205078125
People 0.4890625 0.455078125 0.00625 0.015625
Cars 0.5625 0.4580078125 0.0125 0.0146484375
Cars 0.88984375 0.478515625 0.05859375 0.017578125
