Cars 0.03203125 0.533203125 0.03203125 0.068359375
Cars 0.1 0.5146484375 0.0703125 0.0498046875
Cars 0.1734375 0.5078125 0.0328125 0.044921875
Cars 0.271875 0.50390625 0.0671875 0.060546875
Cars 0.4265625 0.46875 0.01875 0.01953125
Cars 0.4953125 0.4755859375 0.025 0.0224609375
Cars 0.54375 0.484375 0.021875 0.048828125
Cars 0.56875 0.4921875 0.0359375 0.056640625
Cars 0.6390625 0.5107421875 0.0828125 0.0693359375
Cars 0.45390625 0.4658203125 0.01328125 0.0126953125
Cars 0.38671875 0.466796875 0.01328125 0.01171875
