Cars 0.53046875 0.5615234375 0.08359375 0.0908203125
Cars 0.865625 0.6630859375 0.1328125 0.1435546875
Cars 0.53203125 0.44921875 0.02265625 0.021484375
Cars 0.49453125 0.431640625 0.01640625 0.015625
People 0.32734375 0.5224609375 0.01796875 0.0595703125
People 0.11875 0.470703125 0.0171875 0.0390625
People 0.07265625 0.462890625 0.02109375 0.0390625
People 0.81171875 0.458984375 0.01171875 0.033203125
People 0.7953125 0.4560546875 0.0109375 0.0341796875
People 0.31796875 0.4462890625 0.00859375 0.0205078125
People 0.35703125 0.453125 0.00859375 0.021484375
People 0.57421875 0.4375 0.00859375 0.01953125
