People 0.91171875 0.5654296875 0.01796875 0.0263671875
People 0.90859375 0.5712890625 0.02265625 0.0595703125
People 0.96640625 0.533203125 0.02109375 0.060546875
People 0.89375 0.5166015625 0.0125 0.0322265625
People 0.91484375 0.50390625 0.01328125 0.02734375
People 0.80859375 0.5009765625 0.01015625 0.0205078125
People 0.2640625 0.5 0.0109375 0.021484375
Cars 0.5 0.51171875 0.0265625 0.02734375
People 0.603125 0.5205078125 0.0140625 0.0322265625
People 0.72421875 0.515625 0.01171875 0.0234375
Cars 0.48671875 0.5380859375 0.03671875 0.0458984375
Cars 0.43046875 0.5791015625 0.08046875 0.0849609375
People 0.359375 0.5048828125 0.0109375 0.0263671875
