People 0.84296875 0.4404296875 0.01796875 0.0693359375
People 0.790625 0.4580078125 0.0171875 0.0673828125
People 0.090625 0.439453125 0.009375 0.025390625
People 0.06875 0.423828125 0.0109375 0.037109375
People 0.046875 0.43359375 0.009375 0.01953125
People 0.01953125 0.4208984375 0.01015625 0.0302734375
Cars 0.5515625 0.4130859375 0.0203125 0.0205078125
Cars 0.36953125 0.43359375 0.03515625 0.04296875
Cars 0.321875 0.4267578125 0.025 0.0302734375
Cars 0.1828125 0.4912109375 0.1140625 0.1005859375
Cars 0.4640625 0.5126953125 0.1078125 0.1123046875
