Cars 0.0109375 0.4990234375 0.0109375 0.0341796875
Cars 0.0484375 0.490234375 0.03125 0.03515625
Cars 0.13671875 0.4833984375 0.02734375 0.0224609375
Cars 0.24140625 0.4765625 0.07109375 0.0703125
Cars 0.5328125 0.4716796875 0.0265625 0.0244140625
Cars 0.615625 0.4853515625 0.0515625 0.0458984375
Cars 0.7828125 0.505859375 0.11875 0.1015625
Cars 0.91484375 0.58203125 0.08359375 0.15234375
Cars 0.328125 0.4677734375 0.0140625 0.0126953125
Cars 0.4953125 0.466796875 0.0109375 0.01953125
Cars 0.46640625 0.4599609375 0.01484375 0.0126953125
Cars 0.340625 0.46484375 0.0109375 0.01171875
Cars 0.340625 0.46484375 0.0109375 0.01171875
