People 0.86484375 0.5361328125 0.02421875 0.1005859375
Cars 0.0328125 0.56640625 0.0328125 0.0859375
Cars 0.19375 0.515625 0.06875 0.0546875
Cars 0.28125 0.5029296875 0.0390625 0.0419921875
Cars 0.3390625 0.490234375 0.03125 0.029296875
Cars 0.53671875 0.4619140625 0.01796875 0.0166015625
Cars 0.61328125 0.494140625 0.03984375 0.044921875
People 0.58046875 0.4765625 0.01171875 0.02734375
Cars 0.91171875 0.4833984375 0.04296875 0.0478515625
Cars 0.365625 0.4833984375 0.0234375 0.0302734375
Cars 0.40078125 0.47265625 0.02421875 0.029296875
Cars 0.44296875 0.4638671875 0.01171875 0.0185546875
Cars 0.4625 0.462890625 0.0109375 0.013671875
