Cars 0.084375 0.5908203125 0.0828125 0.1103515625
Cars 0.24375 0.529296875 0.0640625 0.0546875
Cars 0.58984375 0.4833984375 0.02578125 0.0302734375
Cars 0.61875 0.4990234375 0.028125 0.0341796875
Cars 0.65859375 0.5205078125 0.05078125 0.0537109375
Cars 0.82578125 0.64453125 0.12421875 0.107421875
Cars 0.91953125 0.763671875 0.07578125 0.16015625
Cars 0.36953125 0.4755859375 0.02421875 0.0263671875
Cars 0.3921875 0.466796875 0.01875 0.02734375
People 0.446875 0.447265625 0.009375 0.017578125
People 0.4234375 0.447265625 0.00625 0.01953125
