Cars 0.93671875 0.7314453125 0.06171875 0.0830078125
Cars 0.025 0.763671875 0.025 0.16015625
Cars 0.09140625 0.6298828125 0.08984375 0.1748046875
Cars 0.24609375 0.486328125 0.02734375 0.029296875
Cars 0.2734375 0.46875 0.0203125 0.0234375
Cars 0.4921875 0.4970703125 0.028125 0.0283203125
Cars 0.4734375 0.48046875 0.025 0.03125
Cars 0.95703125 0.5244140625 0.03828125 0.0478515625
People 0.7671875 0.525390625 0.0203125 0.041015625
People 0.71796875 0.51171875 0.01484375 0.048828125
Dogs 0.69921875 0.541015625 0.01484375 0.015625
Cars 0.1640625 0.4599609375 0.0140625 0.0283203125
Cars 0.1875 0.4580078125 0.0140625 0.0224609375
Cars 0.43984375 0.4794921875 0.01171875 0.0166015625
Cars 0.434375 0.47265625 0.01875 0.017578125
Cars 0.41484375 0.4677734375 0.01484375 0.0146484375
People 0.33671875 0.458984375 0.01171875 0.025390625
