People 0.78125 0.6552734375 0.05 0.1904296875
People 0.590625 0.5595703125 0.034375 0.0986328125
Bicycles 0.58359375 0.6259765625 0.01484375 0.0595703125
Cars 0.89921875 0.7138671875 0.09609375 0.1982421875
Cars 0.72421875 0.6064453125 0.05390625 0.1005859375
Cars 0.39921875 0.48828125 0.04765625 0.05078125
Cars 0.29765625 0.4990234375 0.04140625 0.0380859375
Cars 0.2265625 0.53515625 0.0515625 0.0546875
Cars 0.1515625 0.572265625 0.06875 0.076171875
Cars 0.0578125 0.603515625 0.0578125 0.11328125
Cars 0.55078125 0.447265625 0.01328125 0.01953125
Cars 0.5375 0.4365234375 0.0125 0.0205078125
Cars 0.684375 0.46484375 0.0203125 0.033203125
Cars 0.24921875 0.4677734375 0.02265625 0.0263671875
