Bicycles 0.28203125 0.49609375 0.01484375 0.0234375
People 0.29609375 0.470703125 0.01640625 0.037109375
Cars 0.434375 0.4619140625 0.0203125 0.0263671875
Cars 0.46484375 0.4619140625 0.01484375 0.0166015625
People 0.50703125 0.458984375 0.01015625 0.025390625
People 0.67421875 0.453125 0.01015625 0.041015625
People 0.81171875 0.4580078125 0.01484375 0.0419921875
People 0.778125 0.455078125 0.015625 0.041015625
People 0.75625 0.4521484375 0.0140625 0.0380859375
Bicycles 0.3203125 0.4912109375 0.0140625 0.0185546875
People 0.1109375 0.455078125 0.0109375 0.0234375
People 0.21015625 0.4541015625 0.01015625 0.0205078125
People 0.159375 0.4443359375 0.0109375 0.0185546875
