Bicycles 0.5984375 0.4150390625 0.009375 0.0322265625
Bicycles 0.5265625 0.4013671875 0.009375 0.0283203125
People 0.5234375 0.376953125 0.015625 0.052734375
People 0.59921875 0.3857421875 0.01484375 0.0517578125
Cars 0.68046875 0.4140625 0.05078125 0.046875
Cars 0.79609375 0.4150390625 0.08671875 0.1044921875
Cars 0.88359375 0.45703125 0.11484375 0.185546875
Cars 0.396875 0.3759765625 0.025 0.0322265625
Cars 0.35390625 0.3876953125 0.03671875 0.0380859375
Cars 0.42734375 0.37890625 0.01484375 0.01953125
Cars 0.2546875 0.4013671875 0.0546875 0.0615234375
Cars 0.1125 0.4189453125 0.1109375 0.0830078125
Cars 0.56875 0.3798828125 0.0140625 0.0185546875
Cars 0.43984375 0.37109375 0.01640625 0.01953125
Cars 0.46171875 0.3701171875 0.01328125 0.0166015625
Cars 0.4875 0.375 0.0109375 0.01171875
