Bicycles 0.03828125 0.5703125 0.03671875 0.046875
People 0.22890625 0.453125 0.01015625 0.03515625
People 0.7296875 0.4736328125 0.0125 0.0498046875
People 0.76796875 0.451171875 0.01171875 0.021484375
People 0.78828125 0.44921875 0.01328125 0.0234375
Cars 0.56640625 0.4638671875 0.02890625 0.0322265625
Cars 0.53671875 0.4541015625 0.01328125 0.0205078125
Cars 0.5171875 0.4384765625 0.0171875 0.0166015625
Cars 0.6953125 0.759765625 0.2265625 0.236328125
People 0.659375 0.451171875 0.0125 0.021484375
People 0.8265625 0.4619140625 0.0109375 0.0126953125
People 0.990625 0.482421875 0.0078125 0.052734375
People 0.6 0.43359375 0.009375 0.01953125
Cars 0.440625 0.4296875 0.0125 0.01171875
