Cars 0.92734375 0.5693359375 0.07109375 0.1630859375
Cars 0.77578125 0.5185546875 0.12265625 0.1064453125
Cars 0.6484375 0.505859375 0.0515625 0.060546875
Cars 0.5984375 0.49609375 0.0359375 0.04296875
Cars 0.14609375 0.49609375 0.05703125 0.044921875
Cars 0.49609375 0.4736328125 0.00859375 0.0146484375
Cars 0.33828125 0.4755859375 0.01171875 0.0185546875
Bicycles 0.51015625 0.49609375 0.02265625 0.015625
People 0.515625 0.470703125 0.009375 0.017578125
Cars 0.4828125 0.4716796875 0.009375 0.0185546875
Cars 0.46953125 0.46875 0.01015625 0.015625
Cars 0.45234375 0.46875 0.01015625 0.01171875
Cars 0.3875 0.470703125 0.009375 0.013671875
Cars 0.375 0.4716796875 0.009375 0.0126953125
Cars 0.3546875 0.470703125 0.0140625 0.017578125
Cars 0.3109375 0.4794921875 0.0234375 0.0205078125
