People 0.30390625 0.4658203125 0.01015625 0.0361328125
People 0.32109375 0.4658203125 0.01171875 0.0341796875
People 0.61015625 0.478515625 0.01328125 0.04296875
People 0.64609375 0.482421875 0.01171875 0.041015625
People 0.38203125 0.4677734375 0.01015625 0.0263671875
People 0.39921875 0.466796875 0.01015625 0.025390625
People 0.815625 0.4775390625 0.0140625 0.0302734375
People 0.9390625 0.4697265625 0.0171875 0.0302734375
People 0.68671875 0.478515625 0.01171875 0.029296875
Cars 0.86953125 0.58203125 0.11015625 0.103515625
Cars 0.9453125 0.6298828125 0.053125 0.1240234375
People 0.44609375 0.4541015625 0.00703125 0.0146484375
People 0.88671875 0.4677734375 0.01015625 0.0185546875
People 0.7359375 0.48046875 0.0125 0.02734375
People 0.71328125 0.4794921875 0.01015625 0.0302734375
Cars 0.62578125 0.4765625 0.01015625 0.017578125
