People 0.3015625 0.4775390625 0.0125 0.0419921875
People 0.2859375 0.4892578125 0.0109375 0.0361328125
People 0.64296875 0.4638671875 0.01484375 0.0498046875
People 0.603125 0.462890625 0.0140625 0.0390625
Cars 0.8328125 0.4755859375 0.0109375 0.0341796875
Cars 0.80390625 0.462890625 0.02734375 0.041015625
Cars 0.92421875 0.4453125 0.07265625 0.0703125
Cars 0.94921875 0.4892578125 0.04609375 0.0576171875
Cars 0.7265625 0.458984375 0.0171875 0.02734375
People 0.58046875 0.4560546875 0.01015625 0.0283203125
People 0.17265625 0.478515625 0.01015625 0.021484375
People 0.1265625 0.490234375 0.0109375 0.017578125
