Cars 0.3671875 0.494140625 0.04375 0.0390625
Cars 0.42890625 0.486328125 0.02734375 0.03125
Cars 0.49375 0.4794921875 0.0234375 0.0224609375
Cars 0.82734375 0.5068359375 0.06328125 0.0498046875
Cars 0.8875 0.521484375 0.059375 0.072265625
Cars 0.9859375 0.5205078125 0.0125 0.0634765625
People 0.953125 0.517578125 0.0453125 0.115234375
Bicycles 0.9578125 0.609375 0.0328125 0.06640625
Bicycles 0.71953125 0.5185546875 0.01484375 0.0322265625
People 0.721875 0.478515625 0.0171875 0.05078125
Cars 0.565625 0.4765625 0.0140625 0.015625
Cars 0.02109375 0.5478515625 0.02109375 0.0888671875
