People 0.48125 0.474609375 0.0109375 0.033203125
People 0.41171875 0.474609375 0.00859375 0.037109375
Cars 0.5234375 0.46484375 0.0328125 0.033203125
Cars 0.3890625 0.46484375 0.0171875 0.017578125
Bicycles 0.6484375 0.51171875 0.021875 0.0390625
Bicycles 0.084375 0.5078125 0.01875 0.02734375
Bicycles 0.68125 0.51171875 0.01875 0.03125
Bicycles 0.1125 0.501953125 0.009375 0.0234375
Bicycles 0.82578125 0.4912109375 0.02265625 0.0224609375
People 0.77734375 0.5078125 0.01484375 0.05078125
Bicycles 0.75 0.5009765625 0.0109375 0.0263671875
Bicycles 0.1984375 0.49609375 0.00625 0.021484375
Bicycles 0.18203125 0.4921875 0.00703125 0.021484375
Bicycles 0.17109375 0.498046875 0.00546875 0.021484375
Bicycles 0.15859375 0.4970703125 0.00859375 0.0185546875
People 0.34453125 0.462890625 0.00546875 0.01953125
