Bicycles 0.27734375 0.5 0.01484375 0.025390625
Bicycles 0.10625 0.52734375 0.0171875 0.029296875
Bicycles 0.20078125 0.505859375 0.01171875 0.025390625
Bicycles 0.1453125 0.509765625 0.0109375 0.029296875
People 0.1140625 0.478515625 0.0203125 0.060546875
People 0.14140625 0.46484375 0.01640625 0.041015625
People 0.16875 0.46484375 0.0171875 0.060546875
People 0.203125 0.4609375 0.015625 0.0390625
People 0.275 0.4677734375 0.0171875 0.0419921875
Cars 0.53515625 0.466796875 0.03515625 0.0390625
Cars 0.05234375 0.48828125 0.05234375 0.056640625
Cars 0.2265625 0.4619140625 0.0203125 0.0380859375
Cars 0.49609375 0.4619140625 0.01328125 0.0224609375
