Cars 0.71953125 0.4833984375 0.05078125 0.0341796875
Cars 0.5640625 0.4951171875 0.034375 0.0419921875
Cars 0.4390625 0.5068359375 0.1109375 0.0751953125
Cars 0.17578125 0.5263671875 0.12421875 0.0693359375
Bicycles 0.0625 0.619140625 0.0609375 0.083984375
People 0.8 0.484375 0.0109375 0.041015625
People 0.63671875 0.4794921875 0.01171875 0.0478515625
People 0.3109375 0.4794921875 0.015625 0.0498046875
People 0.60859375 0.46875 0.01328125 0.03515625
People 0.27578125 0.4619140625 0.01015625 0.0263671875
People 0.684375 0.46484375 0.009375 0.021484375
People 0.08828125 0.4521484375 0.01328125 0.0302734375
People 0.134375 0.4521484375 0.0109375 0.0185546875
People 0.20859375 0.4462890625 0.01171875 0.0146484375
People 0.375 0.453125 0.009375 0.01953125
