Cars 0.05078125 0.5029296875 0.04921875 0.0615234375
Cars 0.1375 0.482421875 0.0609375 0.05078125
Cars 0.221875 0.4814453125 0.040625 0.0341796875
Cars 0.26640625 0.4697265625 0.03359375 0.0322265625
Cars 0.4140625 0.4638671875 0.0203125 0.0166015625
Cars 0.4515625 0.4609375 0.021875 0.01953125
Cars 0.61640625 0.4677734375 0.02265625 0.0185546875
People 0.584375 0.48046875 0.0140625 0.03515625
Cars 0.56796875 0.4716796875 0.01328125 0.0126953125
Bicycles 0.58515625 0.4951171875 0.00703125 0.0244140625
Cars 0.334375 0.466796875 0.0171875 0.0234375
Cars 0.3125 0.47265625 0.0171875 0.025390625
