Cars 0.7109375 0.5400390625 0.115625 0.0869140625
Cars 0.59765625 0.5068359375 0.04765625 0.0615234375
Cars 0.459375 0.5126953125 0.065625 0.0654296875
Cars 0.403125 0.47265625 0.0078125 0.013671875
Cars 0.359375 0.482421875 0.0125 0.01171875
Cars 0.284375 0.4873046875 0.015625 0.0263671875
Cars 0.25859375 0.490234375 0.01328125 0.02734375
People 0.21953125 0.4912109375 0.01015625 0.0361328125
People 0.19296875 0.51171875 0.01328125 0.03515625
People 0.1078125 0.5048828125 0.0171875 0.0400390625
Cars 0.1515625 0.4951171875 0.025 0.0517578125
