People 0.159375 0.4658203125 0.0140625 0.0380859375
People 0.184375 0.451171875 0.0125 0.025390625
People 0.221875 0.5009765625 0.01875 0.0654296875
People 0.9828125 0.4697265625 0.015625 0.0654296875
Cars 0.8484375 0.458984375 0.046875 0.05078125
Cars 0.7609375 0.4560546875 0.0265625 0.0322265625
Cars 0.5515625 0.6201171875 0.2625 0.2451171875
Cars 0.2828125 0.4736328125 0.0546875 0.0361328125
Cars 0.01328125 0.5673828125 0.01328125 0.0615234375
Cars 0.98125 0.734375 0.015625 0.119140625
People 0.046875 0.48046875 0.0140625 0.03125
