People 0.25859375 0.6201171875 0.03671875 0.1357421875
Bicycles 0.26875 0.7080078125 0.021875 0.0751953125
Cars 0.09375 0.5771484375 0.09375 0.1083984375
Cars 0.18671875 0.529296875 0.04765625 0.08203125
Cars 0.309375 0.484375 0.040625 0.046875
Cars 0.359375 0.482421875 0.021875 0.033203125
Cars 0.4171875 0.451171875 0.0234375 0.021484375
Cars 0.56171875 0.4599609375 0.02421875 0.0224609375
Cars 0.62265625 0.515625 0.04140625 0.044921875
Cars 0.7 0.52734375 0.075 0.060546875
Cars 0.76953125 0.5986328125 0.11015625 0.0810546875
Cars 0.90078125 0.7119140625 0.09609375 0.1513671875
Cars 0.67265625 0.4365234375 0.01640625 0.0224609375
Cars 0.45 0.4453125 0.009375 0.015625
Cars 0.45546875 0.4404296875 0.01640625 0.0166015625
Cars 0.48046875 0.44140625 0.01328125 0.01171875
