Cars 0.853125 0.45703125 0.06875 0.03125
People 0.76640625 0.4990234375 0.01484375 0.0673828125
Cars 0.74140625 0.44921875 0.01015625 0.017578125
People 0.71328125 0.5078125 0.01640625 0.08203125
Cars 0.665625 0.4697265625 0.0125 0.0126953125
Cars 0.63984375 0.46875 0.01328125 0.013671875
Cars 0.6140625 0.4677734375 0.0125 0.0126953125
People 0.58828125 0.4873046875 0.01171875 0.0498046875
Cars 0.4875 0.48046875 0.0171875 0.01953125
People 0.4375 0.478515625 0.0125 0.03125
Cars 0.3890625 0.4736328125 0.0171875 0.0205078125
Cars 0.26484375 0.4599609375 0.01328125 0.0146484375
Cars 0.215625 0.46484375 0.01875 0.0234375
Cars 0.190625 0.474609375 0.015625 0.025390625
Cars 0.11484375 0.4580078125 0.01796875 0.0146484375
Cars 0.08203125 0.4599609375 0.01484375 0.0146484375
Cars 0.03671875 0.4609375 0.03046875 0.017578125
People 0.29609375 0.47265625 0.00859375 0.03515625
People 0.32421875 0.4873046875 0.00703125 0.0283203125
