People 0.42421875 0.4892578125 0.01484375 0.0537109375
People 0.3953125 0.4931640625 0.0171875 0.0595703125
People 0.34765625 0.47265625 0.01640625 0.048828125
People 0.31015625 0.4677734375 0.01796875 0.0537109375
People 0.209375 0.45703125 0.0125 0.05078125
People 0.2328125 0.4609375 0.0109375 0.046875
People 0.015625 0.5517578125 0.015625 0.1396484375
Cars 0.578125 0.4814453125 0.0296875 0.0341796875
People 0.5375 0.5009765625 0.0203125 0.0693359375
Cars 0.4515625 0.4677734375 0.0234375 0.0302734375
Cars 0.1875 0.4541015625 0.0140625 0.0283203125
Cars 0.77734375 0.4560546875 0.03359375 0.0224609375
People 0.28515625 0.4560546875 0.01171875 0.0498046875
People 0.2609375 0.4580078125 0.0109375 0.0498046875
Cars 0.6359375 0.462890625 0.0265625 0.017578125
