Cars 0.5046875 0.51171875 0.03125 0.03515625
Cars 0.4703125 0.544921875 0.0578125 0.0546875
Cars 0.3890625 0.515625 0.0359375 0.03515625
People 0.5625 0.509765625 0.0109375 0.029296875
People 0.03046875 0.48828125 0.01640625 0.029296875
People 0.62734375 0.5126953125 0.01171875 0.0322265625
People 0.7734375 0.5283203125 0.009375 0.0322265625
People 0.803125 0.5126953125 0.015625 0.0458984375
People 0.8375 0.5 0.009375 0.03125
People 0.8640625 0.4990234375 0.0109375 0.0283203125
People 0.3 0.4892578125 0.009375 0.0146484375
