People 0.08828125 0.6162109375 0.04140625 0.1455078125
Cars 0.0296875 0.6064453125 0.0296875 0.0947265625
Cars 0.165625 0.548828125 0.0625 0.0625
Cars 0.24609375 0.5185546875 0.03984375 0.0458984375
Cars 0.32421875 0.4873046875 0.03671875 0.0439453125
Cars 0.38125 0.51171875 0.053125 0.052734375
Cars 0.8296875 0.65625 0.1625 0.1796875
Cars 0.69296875 0.5625 0.05078125 0.078125
Cars 0.65 0.5380859375 0.0421875 0.0634765625
Cars 0.6078125 0.5126953125 0.0296875 0.0498046875
Cars 0.4484375 0.4423828125 0.0109375 0.0166015625
Cars 0.46796875 0.4423828125 0.01015625 0.0126953125
Cars 0.49609375 0.4384765625 0.01484375 0.0146484375
People 0.50703125 0.455078125 0.01015625 0.0234375
Cars 0.27734375 0.4638671875 0.02265625 0.0205078125
Cars 0.578125 0.478515625 0.0359375 0.046875
People 0.82578125 0.419921875 0.00546875 0.013671875
People 0.81796875 0.421875 0.00546875 0.01171875
People 0.81015625 0.421875 0.00546875 0.013671875
