People 0.45703125 0.470703125 0.01015625 0.029296875
People 0.50625 0.466796875 0.0125 0.03125
People 0.540625 0.478515625 0.0125 0.029296875
Cars 0.9609375 0.845703125 0.0359375 0.125
Cars 0.86875 0.685546875 0.128125 0.134765625
Cars 0.7703125 0.5625 0.0984375 0.08984375
Cars 0.65390625 0.4970703125 0.05078125 0.0537109375
Cars 0.39140625 0.466796875 0.02265625 0.029296875
Cars 0.35546875 0.4931640625 0.02734375 0.0341796875
Cars 0.309375 0.5107421875 0.0453125 0.0439453125
Cars 0.11875 0.5869140625 0.1109375 0.0830078125
Cars 0.13984375 0.4775390625 0.03828125 0.0283203125
Cars 0.06015625 0.4775390625 0.06015625 0.0302734375
Cars 0.04375 0.501953125 0.04375 0.03515625
Cars 0.421875 0.46484375 0.0125 0.01953125
Cars 0.59765625 0.48828125 0.02109375 0.03515625
Cars 0.56640625 0.4853515625 0.02421875 0.0302734375
