People 0.5625 0.4814453125 0.0140625 0.0341796875
People 0.5265625 0.47265625 0.0125 0.03125
People 0.478125 0.462890625 0.009375 0.02734375
Cars 0.88984375 0.673828125 0.10546875 0.173828125
Cars 0.7125 0.5205078125 0.0796875 0.0810546875
Cars 0.63125 0.490234375 0.028125 0.04296875
Cars 0.39453125 0.46875 0.02578125 0.033203125
Cars 0.34921875 0.4931640625 0.03671875 0.0341796875
Cars 0.275 0.5283203125 0.059375 0.0537109375
Cars 0.07890625 0.4892578125 0.05078125 0.0419921875
Cars 0.05625 0.634765625 0.0546875 0.103515625
Cars 0.02421875 0.490234375 0.02421875 0.04296875
Cars 0.42890625 0.462890625 0.01171875 0.0234375
Cars 0.43671875 0.458984375 0.01015625 0.01953125
Cars 0.459375 0.447265625 0.0109375 0.013671875
