Cars 0.94296875 0.4873046875 0.05390625 0.0537109375
Cars 0.85703125 0.484375 0.07265625 0.048828125
Cars 0.784375 0.4638671875 0.0390625 0.0341796875
Cars 0.7375 0.4619140625 0.046875 0.0341796875
Cars 0.696875 0.462890625 0.028125 0.021484375
People 0.565625 0.4677734375 0.00625 0.0205078125
People 0.55625 0.46484375 0.0078125 0.025390625
People 0.5421875 0.4677734375 0.0078125 0.0224609375
Cars 0.5375 0.4599609375 0.0234375 0.0185546875
Cars 0.4078125 0.4404296875 0.009375 0.0126953125
Cars 0.3796875 0.45703125 0.0203125 0.0234375
Cars 0.3296875 0.4619140625 0.0109375 0.0146484375
Cars 0.30546875 0.4609375 0.01171875 0.017578125
Cars 0.28671875 0.4638671875 0.01328125 0.0224609375
Cars 0.26015625 0.458984375 0.02109375 0.0234375
Cars 0.2140625 0.466796875 0.0390625 0.033203125
Cars 0.06875 0.4853515625 0.0515625 0.0498046875
Cars 0.1484375 0.4599609375 0.0359375 0.0263671875
Cars 0.0265625 0.5 0.0265625 0.0703125
Cars 0.45078125 0.4482421875 0.01171875 0.0126953125
