People 0.17109375 0.521484375 0.01640625 0.0546875
Cars 0.10078125 0.490234375 0.05078125 0.033203125
Cars 0.50546875 0.439453125 0.01484375 0.015625
Cars 0.6046875 0.4736328125 0.028125 0.0283203125
Cars 0.62265625 0.4921875 0.03984375 0.033203125
Cars 0.77890625 0.5732421875 0.11640625 0.1005859375
Cars 0.88046875 0.7890625 0.11796875 0.208984375
Cars 0.190625 0.470703125 0.0375 0.03515625
Cars 0.2640625 0.4560546875 0.0234375 0.0224609375
Cars 0.3109375 0.4638671875 0.0453125 0.0224609375
Cars 0.44375 0.451171875 0.0125 0.013671875
Cars 0.46015625 0.4453125 0.01015625 0.01171875
Cars 0.571875 0.46875 0.0171875 0.025390625
