Cars 0.8109375 0.6279296875 0.1265625 0.1083984375
Cars 0.69453125 0.5634765625 0.06484375 0.0693359375
Cars 0.61796875 0.5107421875 0.03984375 0.0419921875
Cars 0.590625 0.4921875 0.0265625 0.037109375
Cars 0.43203125 0.4541015625 0.01171875 0.0146484375
Cars 0.3109375 0.4951171875 0.034375 0.0302734375
Cars 0.3453125 0.4755859375 0.021875 0.0263671875
Cars 0.0484375 0.6279296875 0.0484375 0.0908203125
Cars 0.53984375 0.455078125 0.01484375 0.021484375
Cars 0.55859375 0.470703125 0.01484375 0.021484375
Cars 0.4890625 0.435546875 0.0109375 0.01171875
People 0.415625 0.458984375 0.009375 0.029296875
People 0.4 0.4501953125 0.009375 0.0205078125
