Cars 0.0234375 0.6357421875 0.0234375 0.0751953125
Cars 0.1078125 0.578125 0.0890625 0.083984375
Cars 0.23046875 0.5244140625 0.05390625 0.0654296875
Cars 0.3265625 0.4873046875 0.025 0.0283203125
Cars 0.3484375 0.470703125 0.021875 0.029296875
Cars 0.37734375 0.466796875 0.01328125 0.021484375
Cars 0.75625 0.60546875 0.1296875 0.099609375
Cars 0.6671875 0.5361328125 0.075 0.0771484375
Cars 0.58828125 0.5009765625 0.04296875 0.0439453125
Cars 0.41171875 0.453125 0.01328125 0.01171875
People 0.440625 0.451171875 0.0078125 0.017578125
Cars 0.46484375 0.4423828125 0.01171875 0.0126953125
People 0.48203125 0.4423828125 0.00703125 0.0146484375
Cars 0.87421875 0.45703125 0.03984375 0.02734375
Cars 0.8390625 0.4921875 0.034375 0.0390625
People 0.58671875 0.4404296875 0.01015625 0.0126953125
Cars 0.5453125 0.4736328125 0.0203125 0.0263671875
Cars 0.28671875 0.5068359375 0.02890625 0.0361328125
Cars 0.5203125 0.458984375 0.0140625 0.017578125
Cars 0.5125 0.447265625 0.0171875 0.01953125
