People 0.834375 0.5107421875 0.0140625 0.0751953125
People 0.8015625 0.494140625 0.0203125 0.091796875
People 0.4609375 0.4833984375 0.0078125 0.0302734375
People 0.44140625 0.486328125 0.00859375 0.0234375
People 0.4125 0.478515625 0.0046875 0.01171875
People 0.40546875 0.4775390625 0.00546875 0.0107421875
Cars 0.35625 0.466796875 0.0125 0.01171875
Cars 0.31484375 0.47265625 0.01171875 0.0234375
Cars 0.2953125 0.47265625 0.0109375 0.01953125
Cars 0.23203125 0.48046875 0.03671875 0.02734375
Cars 0.18046875 0.4677734375 0.01484375 0.0146484375
Cars 0.14921875 0.4619140625 0.01484375 0.0185546875
Cars 0.11640625 0.4560546875 0.01328125 0.0224609375
Cars 0.0625 0.4501953125 0.0203125 0.0224609375
Cars 0.034375 0.5146484375 0.034375 0.0576171875
