Cars 0.07109375 0.4951171875 0.07109375 0.0771484375
Cars 0.2328125 0.490234375 0.0234375 0.037109375
Cars 0.37890625 0.46484375 0.02109375 0.017578125
Cars 0.40546875 0.4599609375 0.01640625 0.0166015625
Cars 0.1734375 0.4921875 0.0453125 0.05078125
Cars 0.42734375 0.4580078125 0.01171875 0.0146484375
Cars 0.45546875 0.455078125 0.01015625 0.01171875
People 0.61796875 0.4580078125 0.00859375 0.0205078125
People 0.59921875 0.466796875 0.01171875 0.021484375
Cars 0.871875 0.48046875 0.021875 0.01953125
