People 0.1234375 0.5234375 0.059375 0.140625
Cars 0.34375 0.46875 0.0140625 0.013671875
Cars 0.32734375 0.4755859375 0.01796875 0.0185546875
Cars 0.41328125 0.4833984375 0.04140625 0.0478515625
Cars 0.80390625 0.5029296875 0.03828125 0.0498046875
People 0.828125 0.54296875 0.0171875 0.0546875
People 0.75546875 0.5 0.01640625 0.0703125
People 0.72421875 0.5068359375 0.01796875 0.0849609375
People 0.6921875 0.5078125 0.028125 0.103515625
People 0.8609375 0.515625 0.0203125 0.076171875
Cars 0.04609375 0.4794921875 0.04453125 0.0458984375
People 0.84921875 0.533203125 0.02421875 0.078125
