People 0.165625 0.4970703125 0.028125 0.0849609375
People 0.121875 0.455078125 0.0125 0.037109375
People 0.69296875 0.4501953125 0.01171875 0.0400390625
People 0.75234375 0.435546875 0.01015625 0.01953125
People 0.7265625 0.435546875 0.0125 0.01953125
People 0.79765625 0.4326171875 0.00859375 0.0146484375
Cars 0.3359375 0.4658203125 0.0328125 0.0302734375
People 0.5203125 0.4541015625 0.0078125 0.0302734375
People 0.2703125 0.4541015625 0.0109375 0.0302734375
People 0.30703125 0.4453125 0.00546875 0.015625
People 0.371875 0.4638671875 0.00625 0.0263671875
Cars 0.384375 0.451171875 0.00625 0.009765625
People 0.85 0.4248046875 0.0046875 0.0107421875
People 0.0109375 0.5107421875 0.0109375 0.0751953125
