Cars 0.884375 0.556640625 0.1140625 0.11328125
Cars 0.5515625 0.46875 0.0265625 0.029296875
Cars 0.52109375 0.46484375 0.01328125 0.0234375
Cars 0.465625 0.466796875 0.0125 0.013671875
Cars 0.39609375 0.4609375 0.01171875 0.013671875
Cars 0.3859375 0.4638671875 0.0125 0.0146484375
Cars 0.3734375 0.4677734375 0.009375 0.0146484375
Cars 0.35546875 0.4658203125 0.01171875 0.0166015625
Cars 0.3375 0.474609375 0.015625 0.017578125
Cars 0.29375 0.4677734375 0.0296875 0.0322265625
Cars 0.25703125 0.4814453125 0.03046875 0.0263671875
Cars 0.0421875 0.4873046875 0.0421875 0.0849609375
