People 0.85546875 0.50390625 0.01484375 0.068359375
People 0.9125 0.51171875 0.0203125 0.078125
People 0.96328125 0.5029296875 0.01328125 0.0673828125
People 0.9859375 0.5009765625 0.0109375 0.0751953125
Cars 0.5328125 0.4814453125 0.025 0.0263671875
Cars 0.44921875 0.47265625 0.02421875 0.029296875
Cars 0.33046875 0.478515625 0.02265625 0.021484375
Cars 0.27421875 0.4873046875 0.03359375 0.0263671875
Cars 0.37265625 0.4716796875 0.01484375 0.0166015625
People 0.58828125 0.4765625 0.00703125 0.0234375
People 0.58203125 0.4736328125 0.00703125 0.0263671875
