Cars 0.95234375 0.5224609375 0.04609375 0.0830078125
Cars 0.88515625 0.482421875 0.11328125 0.09765625
Cars 0.8109375 0.47265625 0.0703125 0.07421875
Cars 0.7375 0.4892578125 0.0109375 0.0283203125
Cars 0.5984375 0.494140625 0.1203125 0.158203125
People 0.48046875 0.453125 0.02109375 0.05078125
Bicycles 0.471875 0.533203125 0.0125 0.0390625
People 0.1796875 0.5185546875 0.0671875 0.1767578125
Bicycles 0.22734375 0.650390625 0.03515625 0.076171875
Cars 0.059375 0.46875 0.059375 0.115234375
Cars 0.04140625 0.53125 0.04140625 0.10546875
Cars 0.25078125 0.4921875 0.07578125 0.08203125
Cars 0.26875 0.458984375 0.096875 0.078125
Cars 0.3640625 0.4755859375 0.021875 0.0537109375
Cars 0.403125 0.46875 0.06875 0.07421875
Bicycles 0.13359375 0.6748046875 0.04609375 0.1142578125
