People 0.6109375 0.486328125 0.0171875 0.056640625
Cars 0.2546875 0.5107421875 0.090625 0.0654296875
Cars 0.221875 0.466796875 0.053125 0.0390625
Cars 0.45859375 0.4609375 0.01484375 0.015625
Cars 0.49296875 0.4658203125 0.01640625 0.0205078125
People 0.71953125 0.484375 0.01015625 0.025390625
Bicycles 0.609375 0.521484375 0.009375 0.03125
People 0.63125 0.466796875 0.00625 0.02734375
People 0.640625 0.4677734375 0.00625 0.0283203125
People 0.653125 0.4716796875 0.009375 0.0283203125
People 0.37109375 0.458984375 0.00859375 0.0234375
People 0.4015625 0.458984375 0.0078125 0.01953125
People 0.384375 0.458984375 0.009375 0.021484375
Cars 0.515625 0.4599609375 0.0078125 0.0107421875
