Cars 0.06484375 0.4951171875 0.06015625 0.0771484375
Cars 0.6640625 0.48046875 0.0578125 0.037109375
Cars 0.6265625 0.4619140625 0.0390625 0.0263671875
Cars 0.3609375 0.45703125 0.009375 0.013671875
Cars 0.428125 0.458984375 0.0109375 0.01171875
People 0.24765625 0.4580078125 0.01328125 0.0419921875
People 0.1984375 0.4716796875 0.015625 0.0458984375
Bicycles 0.24765625 0.4873046875 0.00859375 0.0283203125
Bicycles 0.20078125 0.49609375 0.01171875 0.029296875
People 0.296875 0.4599609375 0.009375 0.0205078125
People 0.321875 0.45703125 0.009375 0.017578125
