Cars 0.22890625 0.482421875 0.05390625 0.037109375
Cars 0.1375 0.4658203125 0.046875 0.0302734375
Cars 0.07109375 0.4580078125 0.02265625 0.0283203125
People 0.6625 0.5537109375 0.03125 0.0869140625
People 0.38125 0.462890625 0.0171875 0.044921875
People 0.35859375 0.46484375 0.01484375 0.04296875
People 0.23125 0.4365234375 0.0140625 0.0185546875
Bicycles 0.925 0.51953125 0.040625 0.0390625
Bicycles 0.8828125 0.517578125 0.0265625 0.037109375
People 0.04453125 0.451171875 0.01484375 0.033203125
People 0.821875 0.4873046875 0.0125 0.0458984375
Bicycles 0.353125 0.5029296875 0.015625 0.0380859375
Bicycles 0.328125 0.5185546875 0.0125 0.0263671875
Bicycles 0.30859375 0.5126953125 0.01171875 0.0263671875
