People 0.86796875 0.4755859375 0.01796875 0.0732421875
People 0.9015625 0.46484375 0.01875 0.0703125
People 0.7015625 0.462890625 0.0171875 0.05859375
People 0.7515625 0.4736328125 0.0140625 0.0595703125
People 0.77265625 0.4697265625 0.01328125 0.0634765625
People 0.39921875 0.474609375 0.02734375 0.060546875
People 0.31796875 0.478515625 0.02265625 0.064453125
People 0.33515625 0.484375 0.01640625 0.060546875
Cars 0.26328125 0.4755859375 0.03515625 0.0380859375
Cars 0.1890625 0.4833984375 0.0484375 0.0478515625
People 0.79375 0.4765625 0.015625 0.068359375
Bicycles 0.01875 0.4912109375 0.0140625 0.0166015625
Cars 0.41640625 0.4638671875 0.01328125 0.0185546875
Cars 0.3734375 0.4638671875 0.015625 0.0146484375
