Cars 0.05390625 0.3974609375 0.02421875 0.0283203125
Cars 0.109375 0.400390625 0.0265625 0.029296875
People 0.0859375 0.443359375 0.01875 0.06640625
Bicycles 0.0640625 0.4951171875 0.0171875 0.0302734375
Bicycles 0.11015625 0.4912109375 0.01796875 0.0302734375
People 0.27578125 0.4462890625 0.02109375 0.0634765625
People 0.32109375 0.4384765625 0.02265625 0.0478515625
People 0.384375 0.42578125 0.0171875 0.025390625
People 0.434375 0.4296875 0.0171875 0.044921875
Bicycles 0.321875 0.4677734375 0.0203125 0.0283203125
People 0.234375 0.4306640625 0.0109375 0.0205078125
People 0.21015625 0.4375 0.01640625 0.025390625
Bicycles 0.384375 0.462890625 0.0203125 0.01953125
People 0.46875 0.4296875 0.0140625 0.03125
Cars 0.8515625 0.427734375 0.0375 0.041015625
Cars 0.765625 0.4248046875 0.05 0.0439453125
People 0.028125 0.4541015625 0.0265625 0.0498046875
Bicycles 0.0140625 0.498046875 0.0140625 0.029296875
People 0.14609375 0.4443359375 0.01796875 0.0478515625
Bicycles 0.14296875 0.490234375 0.01484375 0.02734375
