Cars 0.0609375 0.7109375 0.0609375 0.154296875
Cars 0.1765625 0.6162109375 0.10625 0.1103515625
Cars 0.30546875 0.5439453125 0.08515625 0.0966796875
Cars 0.39921875 0.5078125 0.02578125 0.044921875
Cars 0.425 0.4931640625 0.0234375 0.0380859375
Cars 0.4953125 0.4521484375 0.015625 0.0166015625
Cars 0.7078125 0.5107421875 0.0390625 0.0380859375
Cars 0.75234375 0.537109375 0.05078125 0.046875
Cars 0.821875 0.564453125 0.0640625 0.0625
Cars 0.8984375 0.61328125 0.071875 0.0859375
People 0.9546875 0.7490234375 0.04375 0.1708984375
People 0.61484375 0.501953125 0.01640625 0.0546875
People 0.5453125 0.4892578125 0.01875 0.0576171875
Bicycles 0.5421875 0.52734375 0.0109375 0.029296875
People 0.4625 0.4521484375 0.009375 0.0205078125
People 0.4484375 0.439453125 0.009375 0.01171875
Cars 0.453125 0.4765625 0.01875 0.02734375
Cars 0.8765625 0.484375 0.0296875 0.021484375
