People 0.8 0.5048828125 0.0125 0.0439453125
People 0.778125 0.4853515625 0.0140625 0.0263671875
People 0.81796875 0.486328125 0.01328125 0.021484375
People 0.865625 0.521484375 0.0125 0.05859375
People 0.14921875 0.501953125 0.01015625 0.03515625
Cars 0.58203125 0.509765625 0.03359375 0.03515625
Cars 0.5328125 0.4892578125 0.0125 0.0166015625
Cars 0.384375 0.5048828125 0.0328125 0.0302734375
People 0.06484375 0.484375 0.01484375 0.03125
People 0.24453125 0.4873046875 0.01015625 0.0263671875
Bicycles 0.9015625 0.6337890625 0.03125 0.0439453125
People 0.17109375 0.4912109375 0.01171875 0.0263671875
People 0.1875 0.4951171875 0.009375 0.0341796875
People 0.28046875 0.4921875 0.01015625 0.0234375
People 0.7234375 0.4970703125 0.0109375 0.0361328125
