People 0.98359375 0.4990234375 0.01328125 0.0810546875
People 0.95703125 0.4951171875 0.01328125 0.0830078125
People 0.92890625 0.5 0.02109375 0.087890625
People 0.8875 0.4853515625 0.015625 0.0634765625
People 0.8640625 0.4892578125 0.0125 0.0615234375
People 0.83984375 0.4892578125 0.01328125 0.0595703125
People 0.80859375 0.48828125 0.01953125 0.056640625
People 0.76875 0.494140625 0.0125 0.048828125
People 0.7484375 0.4912109375 0.009375 0.0419921875
People 0.734375 0.490234375 0.009375 0.037109375
People 0.71640625 0.494140625 0.01171875 0.037109375
People 0.65546875 0.5078125 0.01015625 0.01953125
People 0.60859375 0.50390625 0.01953125 0.052734375
Cars 0.4734375 0.537109375 0.021875 0.015625
People 0.1484375 0.521484375 0.0109375 0.037109375
People 0.128125 0.5205078125 0.0109375 0.0341796875
People 0.015625 0.5185546875 0.0125 0.0458984375
