People 0.7375 0.443359375 0.0078125 0.037109375
People 0.721875 0.44140625 0.0109375 0.044921875
Bicycles 0.70234375 0.4697265625 0.01015625 0.0263671875
People 0.67890625 0.447265625 0.01328125 0.0390625
People 0.653125 0.4521484375 0.0109375 0.0361328125
Cars 0.4703125 0.4443359375 0.015625 0.0185546875
Cars 0.4234375 0.4521484375 0.0171875 0.0205078125
Cars 0.37265625 0.4541015625 0.03046875 0.0361328125
Cars 0.275 0.4775390625 0.071875 0.0693359375
Cars 0.1703125 0.4619140625 0.03125 0.0322265625
Cars 0.0671875 0.4677734375 0.0546875 0.0419921875
