Cars 0.884375 0.70703125 0.1125 0.267578125
Cars 0.5875 0.4765625 0.0328125 0.033203125
Cars 0.38125 0.470703125 0.0265625 0.021484375
Cars 0.26640625 0.470703125 0.02578125 0.0234375
People 0.42265625 0.4658203125 0.01015625 0.0263671875
People 0.5296875 0.4697265625 0.009375 0.0302734375
People 0.540625 0.46875 0.009375 0.03125
Cars 0.33046875 0.486328125 0.03671875 0.033203125
Cars 0.16640625 0.4716796875 0.02421875 0.0322265625
Cars 0.1265625 0.470703125 0.028125 0.041015625
Cars 0.078125 0.470703125 0.0390625 0.0390625
Cars 0.04765625 0.482421875 0.03984375 0.041015625
Cars 0.440625 0.4638671875 0.0109375 0.0146484375
Cars 0.446875 0.458984375 0.0140625 0.017578125
