Cars 0.93046875 0.4990234375 0.04453125 0.0517578125
People 0.83046875 0.5087890625 0.02265625 0.0849609375
People 0.77578125 0.521484375 0.02265625 0.09375
Cars 0.72578125 0.498046875 0.02578125 0.044921875
People 0.6109375 0.490234375 0.0140625 0.0546875
Cars 0.66875 0.470703125 0.0140625 0.009765625
Cars 0.6390625 0.470703125 0.0140625 0.009765625
Cars 0.4796875 0.4765625 0.0125 0.017578125
Cars 0.4484375 0.482421875 0.0171875 0.01953125
People 0.40234375 0.484375 0.01015625 0.03125
Cars 0.36875 0.4736328125 0.015625 0.0166015625
People 0.29453125 0.4931640625 0.01171875 0.0341796875
People 0.26796875 0.4853515625 0.01015625 0.0322265625
Cars 0.24140625 0.455078125 0.01328125 0.015625
Cars 0.1828125 0.4580078125 0.0265625 0.0205078125
Cars 0.12890625 0.4814453125 0.04453125 0.0400390625
