Cars 0.41796875 0.4677734375 0.02734375 0.0283203125
Cars 0.20625 0.48046875 0.0359375 0.03515625
Cars 0.25 0.4765625 0.0171875 0.029296875
Cars 0.27109375 0.4677734375 0.03203125 0.0302734375
Cars 0.2984375 0.4599609375 0.021875 0.0302734375
Cars 0.325 0.4619140625 0.009375 0.0244140625
Cars 0.3375 0.462890625 0.0109375 0.01953125
Cars 0.35703125 0.458984375 0.01484375 0.017578125
Cars 0.3765625 0.458984375 0.0078125 0.01171875
Cars 0.384375 0.45703125 0.0078125 0.01171875
Cars 0.45 0.453125 0.0078125 0.01171875
Cars 0.4625 0.453125 0.0078125 0.013671875
Cars 0.47578125 0.4580078125 0.00859375 0.0126953125
Cars 0.48828125 0.4609375 0.00859375 0.015625
Cars 0.50234375 0.458984375 0.00859375 0.0234375
