People 0.759375 0.45703125 0.01875 0.0546875
People 0.73203125 0.45703125 0.01171875 0.044921875
People 0.71640625 0.46875 0.01796875 0.052734375
People 0.6546875 0.4736328125 0.0109375 0.0478515625
People 0.63515625 0.4736328125 0.01328125 0.0498046875
Cars 0.4078125 0.46484375 0.015625 0.017578125
Cars 0.378125 0.4609375 0.0140625 0.013671875
Cars 0.3484375 0.4619140625 0.0171875 0.0185546875
Cars 0.31015625 0.4677734375 0.02578125 0.0263671875
Cars 0.24453125 0.4736328125 0.03515625 0.0341796875
People 0.60703125 0.4638671875 0.01015625 0.0478515625
People 0.4828125 0.4560546875 0.009375 0.0166015625
People 0.565625 0.4443359375 0.009375 0.0263671875
People 0.1078125 0.4453125 0.0109375 0.01171875
