Cars 0.10625 0.57421875 0.1 0.076171875
Cars 0.2140625 0.5263671875 0.0578125 0.0615234375
Cars 0.28046875 0.5146484375 0.02421875 0.0419921875
Cars 0.315625 0.498046875 0.0265625 0.03515625
Cars 0.3359375 0.4853515625 0.0265625 0.0322265625
Cars 0.40390625 0.490234375 0.03515625 0.033203125
Cars 0.43125 0.462890625 0.025 0.029296875
Cars 0.93359375 0.8154296875 0.06328125 0.1826171875
Cars 0.8484375 0.654296875 0.1484375 0.123046875
Cars 0.7296875 0.578125 0.08125 0.08203125
Cars 0.6609375 0.5478515625 0.0515625 0.0615234375
Cars 0.62734375 0.50390625 0.04765625 0.060546875
Cars 0.4578125 0.458984375 0.0140625 0.0234375
Cars 0.49765625 0.4482421875 0.01484375 0.0185546875
Cars 0.56875 0.484375 0.021875 0.029296875
Cars 0.54296875 0.451171875 0.02109375 0.021484375
People 0.509375 0.46484375 0.009375 0.025390625
Cars 0.67265625 0.4404296875 0.03515625 0.0146484375
People 0.9703125 0.4287109375 0.00625 0.0185546875
People 0.95703125 0.4306640625 0.00703125 0.0205078125
