Cars 0.83671875 0.61328125 0.10390625 0.125
Cars 0.9484375 0.6669921875 0.05 0.2060546875
Cars 0.7140625 0.5185546875 0.071875 0.0634765625
Cars 0.6484375 0.5087890625 0.0265625 0.0439453125
Cars 0.628125 0.4931640625 0.0265625 0.0341796875
Cars 0.53515625 0.4560546875 0.01328125 0.0146484375
Cars 0.3875 0.478515625 0.034375 0.03125
Cars 0.0875 0.48828125 0.040625 0.044921875
People 0.56484375 0.4716796875 0.01015625 0.0283203125
Cars 0.03046875 0.5390625 0.03046875 0.130859375
Cars 0.2953125 0.4931640625 0.0578125 0.0517578125
People 0.4859375 0.4619140625 0.0078125 0.0185546875
People 0.46015625 0.4677734375 0.00703125 0.0244140625
People 0.45078125 0.46484375 0.01015625 0.025390625
People 0.61328125 0.4794921875 0.01484375 0.0341796875
