Cars 0.8609375 0.4892578125 0.1359375 0.0712890625
Cars 0.690625 0.4814453125 0.0359375 0.0498046875
Cars 0.65 0.4853515625 0.0109375 0.0302734375
People 0.56171875 0.466796875 0.01015625 0.02734375
Cars 0.33515625 0.5068359375 0.09765625 0.0771484375
People 0.21484375 0.517578125 0.02109375 0.064453125
Cars 0.171875 0.44921875 0.015625 0.017578125
Cars 0.12265625 0.4541015625 0.03359375 0.0224609375
Cars 0.146875 0.5224609375 0.04375 0.0458984375
Cars 0.03203125 0.4951171875 0.03203125 0.0517578125
