People 0.30625 0.4912109375 0.01875 0.0615234375
People 0.44921875 0.462890625 0.00859375 0.025390625
Cars 0.1015625 0.5302734375 0.0984375 0.0732421875
Cars 0.215625 0.5009765625 0.0625 0.0654296875
Cars 0.35390625 0.478515625 0.02265625 0.03125
Cars 0.4046875 0.4716796875 0.025 0.0224609375
Cars 0.95703125 0.4609375 0.03984375 0.046875
Cars 0.84921875 0.462890625 0.05078125 0.0546875
Cars 0.7921875 0.4736328125 0.028125 0.0458984375
Cars 0.7421875 0.466796875 0.034375 0.03515625
Cars 0.57265625 0.4619140625 0.01796875 0.0166015625
Cars 0.528125 0.4560546875 0.0109375 0.0126953125
People 0.55078125 0.4541015625 0.00703125 0.0205078125
People 0.540625 0.455078125 0.00625 0.015625
Cars 0.33046875 0.4833984375 0.01796875 0.0341796875
Cars 0.465625 0.4541015625 0.0140625 0.0146484375
