Cars 0.3765625 0.46875 0.021875 0.025390625
Cars 0.37109375 0.4853515625 0.01171875 0.0205078125
Cars 0.35546875 0.4921875 0.01640625 0.033203125
Cars 0.33828125 0.5 0.01171875 0.033203125
Cars 0.278125 0.5029296875 0.046875 0.0478515625
Cars 0.57109375 0.4873046875 0.01640625 0.0380859375
Cars 0.609375 0.484375 0.0375 0.052734375
Cars 0.6375 0.529296875 0.05 0.048828125
Bicycles 0.40703125 0.5458984375 0.01171875 0.0283203125
Bicycles 0.5546875 0.4775390625 0.015625 0.0283203125
People 0.25390625 0.4638671875 0.01015625 0.0185546875
People 0.4265625 0.4599609375 0.009375 0.0166015625
People 0.41171875 0.5 0.01796875 0.0546875
People 0.515625 0.5087890625 0.0203125 0.0615234375
