People 0.86484375 0.4580078125 0.01171875 0.0458984375
People 0.8921875 0.458984375 0.0125 0.046875
People 0.52578125 0.4580078125 0.01328125 0.0302734375
People 0.27890625 0.4560546875 0.01171875 0.0341796875
People 0.303125 0.4580078125 0.0125 0.0263671875
Cars 0.48984375 0.431640625 0.01171875 0.017578125
Cars 0.56171875 0.615234375 0.12421875 0.138671875
People 0.7359375 0.44921875 0.009375 0.01171875
People 0.5765625 0.4306640625 0.0109375 0.0185546875
Cars 0.53984375 0.4453125 0.01796875 0.017578125
Cars 0.50859375 0.4482421875 0.01015625 0.0185546875
