People 0.97734375 0.5087890625 0.02109375 0.0966796875
People 0.94140625 0.521484375 0.02265625 0.078125
People 0.74453125 0.5048828125 0.03046875 0.0771484375
People 0.6875 0.4970703125 0.028125 0.0791015625
People 0.6296875 0.4921875 0.0234375 0.078125
People 0.53515625 0.48046875 0.01640625 0.044921875
Cars 0.425 0.490234375 0.025 0.0234375
Cars 0.3609375 0.486328125 0.028125 0.0234375
Cars 0.27578125 0.4921875 0.05390625 0.048828125
People 0.60859375 0.4833984375 0.01328125 0.0458984375
People 0.56171875 0.490234375 0.01171875 0.04296875
People 0.578125 0.48828125 0.0125 0.046875
People 0.4828125 0.490234375 0.009375 0.0234375
