People 0.9140625 0.48828125 0.0109375 0.048828125
People 0.88984375 0.4853515625 0.01015625 0.0498046875
People 0.865625 0.48828125 0.0109375 0.048828125
People 0.84609375 0.4921875 0.01171875 0.048828125
People 0.8140625 0.4873046875 0.0125 0.0517578125
People 0.77109375 0.4775390625 0.01171875 0.0380859375
Cars 0.6984375 0.482421875 0.01875 0.01953125
Cars 0.6828125 0.4541015625 0.025 0.0166015625
People 0.65078125 0.474609375 0.00546875 0.025390625
People 0.6375 0.478515625 0.009375 0.0234375
People 0.61640625 0.4677734375 0.01015625 0.0185546875
People 0.60078125 0.466796875 0.01015625 0.01953125
Cars 0.54921875 0.4765625 0.02109375 0.01953125
Cars 0.51953125 0.4736328125 0.01328125 0.0146484375
Cars 0.44140625 0.4677734375 0.01171875 0.0146484375
Cars 0.39140625 0.46875 0.01640625 0.01953125
Cars 0.36328125 0.47265625 0.01171875 0.01171875
Cars 0.32578125 0.466796875 0.01796875 0.017578125
People 0.128125 0.48828125 0.009375 0.01953125
People 0.096875 0.478515625 0.009375 0.021484375
People 0.01171875 0.4814453125 0.01015625 0.0322265625
Cars 0.1640625 0.4794921875 0.025 0.0302734375
