People 0.7765625 0.50390625 0.0234375 0.05859375
People 0.6015625 0.4990234375 0.0109375 0.0439453125
Bicycles 0.60234375 0.5244140625 0.01171875 0.0224609375
People 0.3203125 0.4765625 0.0109375 0.029296875
People 0.265625 0.4638671875 0.0109375 0.0283203125
People 0.14609375 0.48046875 0.01171875 0.03515625
Cars 0.19765625 0.5537109375 0.09140625 0.0771484375
Cars 0.4359375 0.447265625 0.021875 0.013671875
Cars 0.46640625 0.4501953125 0.01484375 0.0146484375
Cars 0.70234375 0.4580078125 0.03359375 0.0205078125
Cars 0.5578125 0.4580078125 0.015625 0.0166015625
Cars 0.621875 0.47265625 0.0203125 0.02734375
