People 0.7171875 0.51171875 0.0125 0.041015625
Cars 0.58515625 0.4912109375 0.01796875 0.0166015625
Cars 0.05859375 0.583984375 0.05859375 0.095703125
Cars 0.1546875 0.5390625 0.1015625 0.08984375
Cars 0.63984375 0.5029296875 0.02421875 0.0263671875
Cars 0.38828125 0.5146484375 0.03046875 0.0302734375
Cars 0.42734375 0.5068359375 0.02734375 0.0224609375
Cars 0.32890625 0.5224609375 0.05546875 0.0380859375
Cars 0.49140625 0.4873046875 0.01796875 0.0205078125
People 0.55078125 0.48828125 0.01015625 0.021484375
Cars 0.45546875 0.4990234375 0.01328125 0.0224609375
Cars 0.4765625 0.49609375 0.0125 0.017578125
Cars 0.975 0.8564453125 0.0234375 0.1396484375
