People 0.846875 0.5859375 0.0296875 0.08984375
People 0.878125 0.5234375 0.025 0.078125
People 0.56171875 0.4833984375 0.01328125 0.0419921875
Bicycles 0.8484375 0.6357421875 0.01875 0.0634765625
Bicycles 0.5625 0.521484375 0.009375 0.025390625
Cars 0.31796875 0.501953125 0.03359375 0.03515625
Cars 0.26875 0.5185546875 0.028125 0.0419921875
Cars 0.4921875 0.447265625 0.0140625 0.015625
Cars 0.37265625 0.4755859375 0.02578125 0.0263671875
Cars 0.74453125 0.4638671875 0.03671875 0.0361328125
Cars 0.79453125 0.49609375 0.04765625 0.048828125
Cars 0.96796875 0.5205078125 0.02890625 0.0498046875
Cars 0.6015625 0.482421875 0.028125 0.033203125
Cars 0.415625 0.4619140625 0.0109375 0.0166015625
Cars 0.06015625 0.6083984375 0.06015625 0.1162109375
Cars 0.19765625 0.544921875 0.08046875 0.06640625
