Cars 0.9703125 0.7880859375 0.028125 0.0966796875
Cars 0.85078125 0.64453125 0.14453125 0.111328125
Cars 0.68984375 0.53515625 0.07265625 0.05078125
Cars 0.26015625 0.5185546875 0.04609375 0.0576171875
Cars 0.20625 0.546875 0.05625 0.0703125
Cars 0.1140625 0.59375 0.1 0.099609375
Cars 0.0265625 0.6513671875 0.0265625 0.0986328125
Bicycles 0.421875 0.5791015625 0.009375 0.0478515625
People 0.58046875 0.5224609375 0.03359375 0.0791015625
People 0.4328125 0.5205078125 0.0265625 0.0791015625
People 0.3609375 0.46484375 0.0140625 0.0234375
People 0.30234375 0.458984375 0.01015625 0.02734375
Cars 0.86796875 0.4794921875 0.03515625 0.0322265625
Cars 0.9453125 0.484375 0.053125 0.037109375
Cars 0.54375 0.4599609375 0.0234375 0.0302734375
Cars 0.46796875 0.458984375 0.01328125 0.015625
People 0.2859375 0.4609375 0.009375 0.03125
