People 0.4 0.47265625 0.0109375 0.037109375
Cars 0.25546875 0.5185546875 0.04921875 0.0478515625
Cars 0.30546875 0.49609375 0.02734375 0.033203125
Cars 0.37421875 0.46875 0.01796875 0.02734375
Cars 0.44765625 0.46484375 0.02421875 0.025390625
People 0.759375 0.4873046875 0.0125 0.0517578125
Dogs 0.78984375 0.5341796875 0.01328125 0.0146484375
Cars 0.86796875 0.72265625 0.13046875 0.169921875
Cars 0.978125 0.5029296875 0.0203125 0.0537109375
Cars 0.465625 0.439453125 0.0125 0.013671875
Cars 0.48984375 0.439453125 0.01171875 0.015625
People 0.50234375 0.44921875 0.01015625 0.0234375
Cars 0.5328125 0.46484375 0.0140625 0.029296875
Cars 0.540625 0.4716796875 0.0109375 0.0263671875
Cars 0.55703125 0.47265625 0.01796875 0.02734375
Cars 0.565625 0.4794921875 0.015625 0.0341796875
Cars 0.609375 0.4931640625 0.053125 0.0517578125
Cars 0.33125 0.4853515625 0.0234375 0.0283203125
