Bicycles 0.3484375 0.5439453125 0.015625 0.0380859375
People 0.34453125 0.4873046875 0.02734375 0.0732421875
Cars 0.809375 0.46484375 0.028125 0.03515625
Cars 0.92421875 0.44921875 0.07421875 0.068359375
Cars 0.9515625 0.4892578125 0.046875 0.0595703125
Cars 0.64453125 0.44921875 0.01171875 0.015625
Cars 0.73046875 0.45703125 0.01796875 0.029296875
People 0.1671875 0.478515625 0.0109375 0.021484375
People 0.42109375 0.4599609375 0.00546875 0.0126953125
People 0.4296875 0.4580078125 0.00625 0.0146484375
People 0.4375 0.458984375 0.0046875 0.013671875
People 0.12890625 0.48828125 0.01171875 0.015625
