Cars 0.940625 0.76953125 0.05625 0.1484375
Cars 0.8578125 0.65625 0.1390625 0.1328125
Cars 0.75 0.5703125 0.0828125 0.068359375
Cars 0.69765625 0.513671875 0.05859375 0.064453125
Cars 0.6421875 0.5029296875 0.034375 0.0615234375
Cars 0.6 0.4755859375 0.0328125 0.0380859375
Cars 0.3765625 0.46484375 0.028125 0.033203125
Cars 0.346875 0.4833984375 0.025 0.0361328125
Cars 0.325 0.498046875 0.025 0.0390625
Cars 0.2953125 0.50390625 0.0296875 0.0390625
Cars 0.2421875 0.5263671875 0.05 0.0517578125
Cars 0.13125 0.5546875 0.103125 0.083984375
Cars 0.0296875 0.662109375 0.0265625 0.080078125
People 0.54453125 0.455078125 0.01015625 0.03125
People 0.5296875 0.4580078125 0.0109375 0.0263671875
Cars 0.41953125 0.453125 0.01328125 0.01953125
Cars 0.83984375 0.4853515625 0.03515625 0.0380859375
Cars 0.765625 0.47265625 0.025 0.02734375
Cars 0.1578125 0.451171875 0.0296875 0.015625
Cars 0.11328125 0.453125 0.02421875 0.013671875
