Cars 0.66015625 0.5185546875 0.06171875 0.0576171875
Cars 0.61171875 0.494140625 0.04765625 0.048828125
Cars 0.5015625 0.48828125 0.0359375 0.044921875
People 0.4578125 0.4853515625 0.009375 0.0263671875
People 0.4390625 0.490234375 0.0109375 0.02734375
People 0.4046875 0.4892578125 0.009375 0.0263671875
Cars 0.36953125 0.4970703125 0.02265625 0.0205078125
Cars 0.27890625 0.5009765625 0.03828125 0.0302734375
Cars 0.171875 0.5166015625 0.0484375 0.0478515625
Cars 0.06875 0.517578125 0.06875 0.087890625
