Cars 0.89375 0.4873046875 0.0875 0.0498046875
Cars 0.98203125 0.4736328125 0.01640625 0.0302734375
Cars 0.79765625 0.482421875 0.06015625 0.033203125
Cars 0.7234375 0.470703125 0.0390625 0.029296875
Cars 0.68984375 0.46484375 0.02265625 0.025390625
People 0.5828125 0.4736328125 0.0078125 0.0205078125
People 0.575 0.470703125 0.009375 0.021484375
People 0.5625 0.474609375 0.009375 0.021484375
Cars 0.478125 0.455078125 0.0109375 0.013671875
Cars 0.43671875 0.4453125 0.01015625 0.01171875
Cars 0.42265625 0.462890625 0.01796875 0.017578125
Cars 0.4015625 0.44921875 0.0109375 0.01171875
Cars 0.36328125 0.4638671875 0.01171875 0.0166015625
Cars 0.34375 0.4677734375 0.0125 0.0185546875
Cars 0.32734375 0.46875 0.01015625 0.01953125
Cars 0.30625 0.46484375 0.0109375 0.0234375
Cars 0.2671875 0.466796875 0.0265625 0.02734375
Cars 0.16484375 0.47265625 0.03984375 0.046875
Cars 0.10078125 0.4873046875 0.05390625 0.0458984375
Cars 0.025 0.494140625 0.025 0.0546875
Cars 0.221875 0.46484375 0.0171875 0.0234375
