Cars 0.94140625 0.40234375 0.05234375 0.041015625
Cars 0.86953125 0.400390625 0.01328125 0.03515625
Cars 0.85390625 0.560546875 0.14296875 0.12890625
Cars 0.59375 0.451171875 0.05 0.0546875
Cars 0.48671875 0.3603515625 0.01171875 0.0146484375
Cars 0.475 0.349609375 0.009375 0.01171875
Cars 0.43671875 0.33984375 0.00703125 0.009765625
Cars 0.42265625 0.341796875 0.01015625 0.01171875
Cars 0.4046875 0.3486328125 0.0125 0.0126953125
Cars 0.39140625 0.359375 0.01328125 0.015625
People 0.415625 0.3828125 0.00625 0.01953125
Cars 0.46953125 0.416015625 0.03046875 0.03515625
Cars 0.31875 0.41015625 0.0359375 0.033203125
Cars 0.24921875 0.451171875 0.04921875 0.044921875
Cars 0.09296875 0.53125 0.09296875 0.09375
