People 0.0515625 0.5634765625 0.0453125 0.1416015625
People 0.10703125 0.537109375 0.02421875 0.091796875
People 0.15703125 0.529296875 0.02890625 0.09765625
Cars 0.203125 0.4736328125 0.0453125 0.0517578125
Cars 0.25859375 0.4619140625 0.03359375 0.0478515625
Cars 0.3734375 0.5830078125 0.13125 0.1279296875
Cars 0.734375 0.4541015625 0.08125 0.0205078125
Cars 0.71875 0.5224609375 0.1 0.0732421875
Cars 0.83359375 0.521484375 0.16484375 0.123046875
Cars 0.925 0.58203125 0.0734375 0.119140625
People 0.5515625 0.513671875 0.0296875 0.09765625
People 0.5953125 0.5322265625 0.0265625 0.0986328125
Cars 0.36328125 0.4482421875 0.03984375 0.0126953125
People 0.45546875 0.455078125 0.01015625 0.021484375
People 0.478125 0.46484375 0.0109375 0.033203125
People 0.4890625 0.4697265625 0.0140625 0.0439453125
