Cars 0.81015625 0.4638671875 0.03046875 0.0380859375
Cars 0.92421875 0.44921875 0.07109375 0.07421875
Cars 0.95078125 0.4912109375 0.04609375 0.0615234375
People 0.72421875 0.4755859375 0.02265625 0.0771484375
People 0.68515625 0.4921875 0.02265625 0.068359375
People 0.16953125 0.4921875 0.01015625 0.03125
Cars 0.64375 0.4462890625 0.0125 0.0146484375
People 0.36484375 0.4619140625 0.00546875 0.0126953125
People 0.37421875 0.462890625 0.00546875 0.013671875
People 0.12890625 0.4873046875 0.01015625 0.0166015625
People 0.1125 0.4931640625 0.0109375 0.0224609375
