Cars 0.5234375 0.4755859375 0.03125 0.0302734375
Cars 0.475 0.466796875 0.015625 0.01953125
Cars 0.4578125 0.4609375 0.009375 0.015625
Cars 0.41328125 0.4580078125 0.01015625 0.0126953125
Cars 0.39765625 0.4609375 0.01015625 0.01953125
Cars 0.37734375 0.4716796875 0.01484375 0.0263671875
Cars 0.328125 0.4765625 0.034375 0.0390625
Cars 0.28828125 0.4697265625 0.01015625 0.0166015625
Cars 0.2515625 0.4833984375 0.0359375 0.0380859375
People 0.0734375 0.48828125 0.0140625 0.044921875
People 0.58671875 0.458984375 0.01015625 0.01171875
Bicycles 0.5859375 0.4814453125 0.009375 0.0126953125
