People 0.96875 0.384765625 0.0109375 0.017578125
Cars 0.978125 0.423828125 0.0203125 0.033203125
People 0.87265625 0.470703125 0.03671875 0.134765625
Cars 0.79140625 0.4453125 0.04296875 0.044921875
Cars 0.7953125 0.3818359375 0.0453125 0.0185546875
People 0.571875 0.48828125 0.021875 0.0859375
Cars 0.540625 0.44140625 0.0140625 0.0390625
Cars 0.4828125 0.4453125 0.0203125 0.02734375
People 0.334375 0.4560546875 0.009375 0.0341796875
People 0.340625 0.4443359375 0.00625 0.0283203125
Cars 0.26484375 0.4482421875 0.01796875 0.0205078125
Cars 0.234375 0.4501953125 0.0125 0.0146484375
Cars 0.21171875 0.451171875 0.01328125 0.013671875
Cars 0.13359375 0.4580078125 0.02734375 0.0302734375
Cars 0.0453125 0.46484375 0.04375 0.056640625
