Cars 0.61328125 0.5205078125 0.04140625 0.0458984375
Cars 0.32578125 0.525390625 0.04765625 0.0390625
People 0.88046875 0.513671875 0.02109375 0.05859375
People 0.94609375 0.5234375 0.01484375 0.060546875
People 0.9703125 0.5205078125 0.0171875 0.0654296875
People 0.09375 0.505859375 0.0125 0.041015625
People 0.059375 0.494140625 0.0125 0.025390625
People 0.03046875 0.4921875 0.01171875 0.02734375
People 0.20703125 0.4951171875 0.01015625 0.0263671875
People 0.25390625 0.498046875 0.01171875 0.029296875
Cars 0.5453125 0.4990234375 0.0109375 0.0126953125
People 0.11328125 0.4833984375 0.01171875 0.0185546875
