Cars 0.315625 0.4677734375 0.0421875 0.0419921875
Cars 0.3671875 0.46875 0.015625 0.025390625
Cars 0.4578125 0.462890625 0.034375 0.029296875
People 0.828125 0.4814453125 0.025 0.0576171875
Cars 0.509375 0.458984375 0.015625 0.021484375
Cars 0.5265625 0.4501953125 0.0125 0.0126953125
Cars 0.5390625 0.447265625 0.0078125 0.01171875
People 0.61953125 0.4501953125 0.00703125 0.0185546875
People 0.63515625 0.45703125 0.01015625 0.0234375
People 0.646875 0.4541015625 0.009375 0.0263671875
People 0.659375 0.45703125 0.009375 0.02734375
People 0.6984375 0.4609375 0.009375 0.017578125
Bicycles 0.81953125 0.521484375 0.04765625 0.037109375
People 0.415625 0.4453125 0.0078125 0.021484375
