Bicycles 0.46171875 0.595703125 0.01171875 0.05859375
People 0.60546875 0.556640625 0.03984375 0.09375
People 0.353125 0.484375 0.0125 0.0390625
People 0.425 0.4599609375 0.0109375 0.0322265625
Cars 0.08125 0.6015625 0.08125 0.09765625
Cars 0.18984375 0.5478515625 0.06484375 0.0615234375
Cars 0.26015625 0.501953125 0.05546875 0.056640625
Cars 0.390625 0.46875 0.021875 0.025390625
Cars 0.8453125 0.658203125 0.153125 0.1796875
Cars 0.7140625 0.55078125 0.0875 0.095703125
People 0.4625 0.5341796875 0.025 0.0888671875
Cars 0.72421875 0.4501953125 0.02890625 0.0166015625
Cars 0.71015625 0.4404296875 0.03828125 0.0224609375
Cars 0.5984375 0.4697265625 0.0390625 0.0380859375
Cars 0.56328125 0.462890625 0.01796875 0.021484375
Cars 0.4671875 0.4423828125 0.0125 0.0166015625
Cars 0.15234375 0.4619140625 0.03046875 0.0205078125
