People 0.78046875 0.4638671875 0.01328125 0.0361328125
People 0.71953125 0.4619140625 0.01328125 0.0380859375
People 0.21875 0.4453125 0.0171875 0.0390625
People 0.134375 0.490234375 0.03125 0.068359375
People 0.190625 0.62109375 0.0625 0.130859375
People 0.96328125 0.52734375 0.03515625 0.099609375
Bicycles 0.9421875 0.591796875 0.0328125 0.044921875
Bicycles 0.1140625 0.5380859375 0.034375 0.0419921875
Cars 0.54453125 0.4755859375 0.01484375 0.0205078125
Cars 0.5421875 0.4609375 0.0203125 0.025390625
Cars 0.5796875 0.4853515625 0.03125 0.0322265625
Cars 0.26328125 0.466796875 0.03046875 0.03125
People 0.6859375 0.4599609375 0.009375 0.0341796875
People 0.0421875 0.427734375 0.0125 0.01953125
People 0.0640625 0.439453125 0.0109375 0.013671875
People 0.07890625 0.4384765625 0.01015625 0.0126953125
People 0.85 0.4404296875 0.015625 0.0166015625
Bicycles 0.17578125 0.54296875 0.02734375 0.033203125
Cars 0.19140625 0.4677734375 0.01328125 0.0185546875
People 0.17578125 0.451171875 0.01015625 0.02734375
