Bicycles 0.24375 0.53125 0.021875 0.04296875
People 0.246875 0.484375 0.01875 0.05078125
People 0.0234375 0.490234375 0.01875 0.0546875
People 0.77109375 0.482421875 0.01171875 0.029296875
People 0.68046875 0.46875 0.01015625 0.03515625
People 0.7328125 0.47265625 0.0140625 0.041015625
People 0.69921875 0.4765625 0.01640625 0.03515625
People 0.8484375 0.455078125 0.0109375 0.021484375
People 0.87578125 0.4501953125 0.01796875 0.0283203125
Cars 0.43046875 0.509765625 0.13828125 0.150390625
People 0.0859375 0.4814453125 0.0109375 0.0341796875
People 0.14453125 0.4794921875 0.01015625 0.0341796875
People 0.1140625 0.4794921875 0.0109375 0.0341796875
