Bicycles 0.5859375 0.486328125 0.0390625 0.0234375
Cars 0.57109375 0.462890625 0.03046875 0.03125
Cars 0.4921875 0.486328125 0.040625 0.05078125
Cars 0.428125 0.439453125 0.015625 0.015625
People 0.16328125 0.466796875 0.01328125 0.041015625
People 0.275 0.63671875 0.040625 0.16015625
People 0.3625 0.447265625 0.009375 0.01953125
People 0.66171875 0.451171875 0.01015625 0.0234375
People 0.7671875 0.44921875 0.0125 0.017578125
People 0.821875 0.462890625 0.0125 0.013671875
People 0.86171875 0.4541015625 0.01015625 0.0263671875
People 0.87734375 0.4873046875 0.02109375 0.0576171875
People 0.9890625 0.4833984375 0.009375 0.0517578125
Cars 0.51328125 0.4306640625 0.01484375 0.0166015625
