Bicycles 0.646875 0.595703125 0.0578125 0.1328125
Bicycles 0.77265625 0.5556640625 0.06015625 0.0986328125
Bicycles 0.5625 0.4931640625 0.0171875 0.0595703125
Bicycles 0.46796875 0.4951171875 0.01171875 0.0556640625
Bicycles 0.93984375 0.505859375 0.01640625 0.052734375
Bicycles 0.8859375 0.5078125 0.0296875 0.052734375
Cars 0.3234375 0.4365234375 0.0234375 0.0205078125
Cars 0.35859375 0.431640625 0.02265625 0.015625
Cars 0.42890625 0.431640625 0.01171875 0.01171875
People 0.403125 0.4296875 0.00625 0.021484375
People 0.9609375 0.3935546875 0.0171875 0.0615234375
People 0.8796875 0.390625 0.0265625 0.0625
People 0.77109375 0.4482421875 0.05859375 0.1611328125
People 0.64453125 0.451171875 0.06015625 0.201171875
People 0.55859375 0.427734375 0.02734375 0.10546875
People 0.46796875 0.43359375 0.02421875 0.091796875
People 0.1078125 0.40234375 0.009375 0.01953125
