Cars 0.0796875 0.4638671875 0.028125 0.0224609375
Cars 0.0359375 0.462890625 0.0328125 0.02734375
Cars 0.2125 0.5126953125 0.115625 0.0595703125
Cars 0.340625 0.5166015625 0.0421875 0.0478515625
Cars 0.38828125 0.4755859375 0.01796875 0.0166015625
Cars 0.43984375 0.4833984375 0.04296875 0.0224609375
People 0.49453125 0.478515625 0.01015625 0.0234375
People 0.5640625 0.4873046875 0.009375 0.0302734375
People 0.59921875 0.484375 0.01015625 0.04296875
Cars 0.9078125 0.6826171875 0.090625 0.1396484375
