People 0.74765625 0.5029296875 0.02421875 0.0654296875
Cars 0.803125 0.4912109375 0.046875 0.0380859375
Cars 0.696875 0.4921875 0.0453125 0.046875
Cars 0.62421875 0.47265625 0.01640625 0.02734375
Cars 0.5640625 0.48828125 0.0390625 0.0390625
Cars 0.51015625 0.4580078125 0.01796875 0.0185546875
Cars 0.4578125 0.47265625 0.03125 0.029296875
Cars 0.346875 0.4658203125 0.01875 0.0283203125
Cars 0.33203125 0.4765625 0.01796875 0.0234375
Cars 0.271875 0.482421875 0.0421875 0.04296875
Cars 0.3765625 0.462890625 0.0125 0.021484375
People 0.4203125 0.462890625 0.0078125 0.017578125
