People 0.709375 0.462890625 0.0125 0.0234375
Cars 0.60234375 0.455078125 0.02734375 0.021484375
Cars 0.56796875 0.4423828125 0.01328125 0.0166015625
Cars 0.5609375 0.4248046875 0.01875 0.0224609375
Cars 0.5359375 0.4326171875 0.0109375 0.0166015625
Cars 0.51953125 0.435546875 0.01015625 0.013671875
People 0.5609375 0.5048828125 0.0296875 0.0673828125
Cars 0.4703125 0.439453125 0.0078125 0.0078125
Cars 0.409375 0.43359375 0.0171875 0.01953125
People 0.5015625 0.51953125 0.009375 0.015625
People 0.37578125 0.451171875 0.00859375 0.044921875
Cars 0.3265625 0.466796875 0.0421875 0.048828125
Cars 0.0703125 0.6162109375 0.0703125 0.1279296875
