People 0.8328125 0.5087890625 0.0125 0.0458984375
People 0.8171875 0.5048828125 0.0125 0.0478515625
People 0.80234375 0.50390625 0.01171875 0.048828125
People 0.6625 0.47265625 0.0109375 0.041015625
People 0.6890625 0.4677734375 0.0109375 0.0380859375
People 0.39296875 0.46875 0.01015625 0.0234375
People 0.36875 0.466796875 0.009375 0.0234375
Cars 0.53046875 0.46875 0.01484375 0.015625
People 0.62265625 0.470703125 0.01328125 0.03515625
People 0.31640625 0.4599609375 0.01015625 0.0263671875
People 0.3046875 0.4609375 0.009375 0.025390625
Bicycles 0.9265625 0.7060546875 0.0265625 0.0771484375
Cars 0.4296875 0.4619140625 0.009375 0.0146484375
