Cars 0.87734375 0.642578125 0.12109375 0.22265625
Cars 0.74140625 0.5244140625 0.11953125 0.1240234375
Cars 0.62265625 0.5 0.04609375 0.08203125
Cars 0.57578125 0.501953125 0.01796875 0.037109375
Cars 0.515625 0.47265625 0.028125 0.033203125
Cars 0.47421875 0.490234375 0.03203125 0.037109375
Cars 0.4109375 0.48046875 0.0171875 0.015625
Cars 0.29375 0.4990234375 0.0234375 0.0322265625
Cars 0.2578125 0.4990234375 0.015625 0.0380859375
Cars 0.1921875 0.498046875 0.0515625 0.060546875
Cars 0.08515625 0.505859375 0.07578125 0.083984375
Cars 0.02890625 0.6357421875 0.02890625 0.1669921875
Cars 0.37421875 0.48046875 0.02109375 0.015625
