Bicycles 0.66015625 0.609375 0.03359375 0.109375
Bicycles 0.51953125 0.6083984375 0.02265625 0.0986328125
Bicycles 0.39765625 0.5087890625 0.01015625 0.0341796875
Bicycles 0.89609375 0.58984375 0.04453125 0.064453125
Bicycles 0.72578125 0.5087890625 0.01796875 0.0458984375
Bicycles 0.83125 0.5 0.021875 0.037109375
Bicycles 0.57578125 0.5009765625 0.02421875 0.0205078125
People 0.30859375 0.451171875 0.00859375 0.009765625
Bicycles 0.98671875 0.5947265625 0.01171875 0.0693359375
Bicycles 0.95625 0.5771484375 0.01875 0.1005859375
People 0.6609375 0.458984375 0.040625 0.15625
People 0.57890625 0.458984375 0.02109375 0.02734375
People 0.51640625 0.4931640625 0.03671875 0.1435546875
People 0.39453125 0.4462890625 0.01640625 0.0322265625
Bicycles 0.821875 0.5205078125 0.0203125 0.0439453125
Bicycles 0.79375 0.5185546875 0.0140625 0.0380859375
Bicycles 0.75390625 0.521484375 0.01171875 0.037109375
People 0.78984375 0.4453125 0.00546875 0.017578125
