Cars 0.09375 0.5908203125 0.09375 0.0927734375
Cars 0.19921875 0.5380859375 0.05390625 0.0576171875
Cars 0.2515625 0.509765625 0.0421875 0.044921875
Cars 0.30703125 0.4931640625 0.03515625 0.0341796875
Cars 0.33984375 0.47265625 0.03046875 0.03515625
Cars 0.396875 0.447265625 0.0203125 0.01953125
Cars 0.56328125 0.46875 0.02421875 0.037109375
Cars 0.5984375 0.478515625 0.0359375 0.0390625
Cars 0.621875 0.501953125 0.046875 0.048828125
Cars 0.70859375 0.4599609375 0.01796875 0.0283203125
Cars 0.88984375 0.4619140625 0.04609375 0.0498046875
Cars 0.95 0.4501953125 0.01875 0.0263671875
Cars 0.434375 0.44140625 0.0140625 0.01171875
Cars 0.4765625 0.4267578125 0.009375 0.0107421875
Cars 0.5390625 0.451171875 0.0140625 0.0234375
Cars 0.52890625 0.443359375 0.01484375 0.015625
People 0.45625 0.4326171875 0.0078125 0.0146484375
People 0.4921875 0.4296875 0.0078125 0.013671875
