Cars 0.65390625 0.609375 0.08046875 0.0703125
Cars 0.59765625 0.5693359375 0.05078125 0.0458984375
Cars 0.078125 0.58203125 0.075 0.0703125
Cars 0.16953125 0.5693359375 0.04765625 0.0517578125
Cars 0.2625 0.556640625 0.04375 0.0390625
Cars 0.3171875 0.5517578125 0.025 0.0302734375
Cars 0.3703125 0.544921875 0.0265625 0.025390625
Cars 0.415625 0.5458984375 0.0171875 0.0205078125
Cars 0.43828125 0.5458984375 0.01171875 0.0166015625
Cars 0.50234375 0.5458984375 0.01171875 0.0126953125
Cars 0.56328125 0.546875 0.02421875 0.03125
People 0.525 0.5458984375 0.00625 0.0185546875
People 0.4875 0.5439453125 0.009375 0.0205078125
People 0.4734375 0.5419921875 0.00625 0.0205078125
People 0.459375 0.5439453125 0.0078125 0.0205078125
