Bicycles 0.61953125 0.5830078125 0.04140625 0.0537109375
Bicycles 0.73359375 0.568359375 0.06171875 0.08203125
Bicycles 0.29765625 0.5458984375 0.01640625 0.0361328125
Bicycles 0.32265625 0.56640625 0.02421875 0.044921875
Bicycles 0.4 0.5537109375 0.034375 0.0615234375
Bicycles 0.22890625 0.53125 0.01171875 0.033203125
Bicycles 0.128125 0.5302734375 0.0140625 0.0302734375
People 0.66875 0.486328125 0.053125 0.12109375
People 0.35390625 0.490234375 0.03359375 0.08984375
People 0.3109375 0.447265625 0.0296875 0.06640625
People 0.22890625 0.4833984375 0.01328125 0.0498046875
People 0.13046875 0.484375 0.01796875 0.048828125
Cars 0.54765625 0.4794921875 0.03828125 0.0419921875
Cars 0.184375 0.478515625 0.0375 0.044921875
Cars 0.04296875 0.5009765625 0.04296875 0.0576171875
Cars 0.509375 0.482421875 0.0109375 0.025390625
Cars 0.49453125 0.4775390625 0.01015625 0.0205078125
