Dogs 0.56640625 0.7197265625 0.05078125 0.0322265625
People 0.49453125 0.53515625 0.06640625 0.1953125
People 0.57265625 0.560546875 0.02734375 0.123046875
People 0.503125 0.357421875 0.034375 0.0546875
People 0.73125 0.568359375 0.0828125 0.14453125
People 0.7109375 0.3857421875 0.0234375 0.0439453125
People 0.3984375 0.4560546875 0.025 0.0830078125
Cars 0.1515625 0.4609375 0.0890625 0.10546875
People 0.2953125 0.451171875 0.0171875 0.05859375
People 0.3203125 0.4521484375 0.0140625 0.0263671875
People 0.24609375 0.4453125 0.01484375 0.060546875
People 0.671875 0.38671875 0.0296875 0.076171875
People 0.76328125 0.3759765625 0.01796875 0.0634765625
People 0.60703125 0.439453125 0.01328125 0.033203125
