People 0.6015625 0.48828125 0.0171875 0.06640625
People 0.57578125 0.4892578125 0.01640625 0.0673828125
People 0.40625 0.482421875 0.021875 0.033203125
People 0.35546875 0.48046875 0.01796875 0.041015625
People 0.3296875 0.4921875 0.015625 0.048828125
People 0.2984375 0.4794921875 0.0203125 0.0341796875
People 0.2453125 0.4697265625 0.01875 0.0654296875
People 0.20546875 0.484375 0.01484375 0.04296875
People 0.18046875 0.474609375 0.01796875 0.060546875
People 0.1515625 0.47265625 0.0171875 0.060546875
People 0.02734375 0.458984375 0.01171875 0.02734375
People 0.11171875 0.462890625 0.01171875 0.033203125
People 0.0921875 0.462890625 0.009375 0.03125
People 0.52890625 0.44921875 0.01328125 0.0234375
People 0.50546875 0.451171875 0.01328125 0.02734375
People 0.484375 0.455078125 0.009375 0.02734375
