Cars 0.1 0.599609375 0.1 0.099609375
Cars 0.3171875 0.5 0.0453125 0.03515625
Cars 0.4625 0.4541015625 0.0171875 0.0185546875
Cars 0.37578125 0.4775390625 0.02265625 0.0224609375
Cars 0.7859375 0.615234375 0.109375 0.107421875
Cars 0.88515625 0.744140625 0.11015625 0.203125
Cars 0.65625 0.517578125 0.03125 0.05078125
People 0.4015625 0.6123046875 0.04375 0.1416015625
Bicycles 0.40859375 0.6962890625 0.01015625 0.0791015625
People 0.61875 0.5859375 0.0390625 0.1328125
Cars 0.8359375 0.46484375 0.05625 0.0390625
Cars 0.8796875 0.4736328125 0.059375 0.0302734375
Cars 0.6953125 0.4658203125 0.0375 0.0205078125
Cars 0.26875 0.48828125 0.046875 0.03125
Cars 0.0625 0.4833984375 0.0375 0.0419921875
Cars 0.59453125 0.490234375 0.03046875 0.037109375
Cars 0.56640625 0.46875 0.02265625 0.02734375
Cars 0.40859375 0.466796875 0.01484375 0.025390625
Cars 0.4265625 0.4599609375 0.009375 0.0205078125
