Cars 0.9546875 0.4638671875 0.0421875 0.0458984375
People 0.6421875 0.4677734375 0.009375 0.0341796875
People 0.62734375 0.4658203125 0.00859375 0.0361328125
People 0.6078125 0.470703125 0.0078125 0.03125
Cars 0.6640625 0.4501953125 0.01875 0.0244140625
Cars 0.565625 0.451171875 0.0421875 0.025390625
Cars 0.4140625 0.439453125 0.009375 0.01171875
Cars 0.38828125 0.4365234375 0.01328125 0.0126953125
Cars 0.38046875 0.4541015625 0.01484375 0.0146484375
Cars 0.296875 0.470703125 0.05 0.048828125
Cars 0.234375 0.470703125 0.021875 0.033203125
Cars 0.1609375 0.474609375 0.0546875 0.046875
Cars 0.475 0.4423828125 0.0109375 0.0126953125
Cars 0.06796875 0.4775390625 0.06796875 0.0556640625
