Cars 0.06328125 0.6279296875 0.06328125 0.1298828125
Cars 0.2640625 0.5146484375 0.065625 0.0693359375
Cars 0.3390625 0.5029296875 0.0203125 0.0322265625
Cars 0.36015625 0.4931640625 0.02265625 0.0283203125
Cars 0.38671875 0.48828125 0.01328125 0.025390625
Cars 0.3984375 0.4716796875 0.021875 0.0302734375
Cars 0.6421875 0.5087890625 0.0390625 0.0419921875
Cars 0.74609375 0.564453125 0.08984375 0.078125
Cars 0.89453125 0.7900390625 0.10390625 0.2080078125
People 0.03515625 0.4736328125 0.01171875 0.0341796875
Bicycles 0.0484375 0.49609375 0.0109375 0.01171875
People 0.4234375 0.470703125 0.0109375 0.029296875
Cars 0.61484375 0.4833984375 0.02578125 0.0283203125
Cars 0.8921875 0.46875 0.0234375 0.04296875
