Cars 0.121875 0.556640625 0.1203125 0.21484375
Cars 0.2265625 0.458984375 0.0265625 0.064453125
Cars 0.2640625 0.48046875 0.0171875 0.033203125
Cars 0.2828125 0.4736328125 0.03125 0.0341796875
Cars 0.3296875 0.47265625 0.0234375 0.02734375
Cars 0.36953125 0.4716796875 0.01484375 0.0166015625
Cars 0.38671875 0.462890625 0.01171875 0.015625
Cars 0.5484375 0.4658203125 0.021875 0.0224609375
Cars 0.7046875 0.486328125 0.0578125 0.0625
Cars 0.81875 0.521484375 0.1109375 0.08203125
Cars 0.4359375 0.466796875 0.0125 0.013671875
