Cars 0.38203125 0.5078125 0.02421875 0.02734375
Cars 0.43125 0.5126953125 0.03125 0.0263671875
Cars 0.5453125 0.638671875 0.153125 0.162109375
People 0.97109375 0.5009765625 0.02421875 0.0283203125
People 0.9515625 0.494140625 0.0140625 0.02734375
People 0.878125 0.505859375 0.0140625 0.03515625
People 0.84609375 0.4970703125 0.01796875 0.0419921875
People 0.2453125 0.5068359375 0.0109375 0.0322265625
People 0.0921875 0.513671875 0.0125 0.044921875
People 0.07109375 0.5146484375 0.01328125 0.0419921875
