People 0.415625 0.453125 0.009375 0.025390625
People 0.44296875 0.45703125 0.01015625 0.02734375
Cars 0.578125 0.470703125 0.0234375 0.02734375
Cars 0.3234375 0.4599609375 0.034375 0.0322265625
Cars 0.36875 0.4638671875 0.0203125 0.0224609375
Cars 0.39296875 0.4599609375 0.01328125 0.0205078125
People 0.48984375 0.447265625 0.00703125 0.01171875
People 0.009375 0.4658203125 0.009375 0.0498046875
People 0.0765625 0.431640625 0.0109375 0.015625
Bicycles 0.14140625 0.5068359375 0.01640625 0.0224609375
