Bicycles 0.7375 0.5986328125 0.0140625 0.0654296875
Bicycles 0.81640625 0.640625 0.02421875 0.08203125
People 0.7421875 0.53515625 0.0359375 0.111328125
People 0.8171875 0.55859375 0.04375 0.125
Cars 0.91796875 0.5830078125 0.07890625 0.0986328125
Cars 0.21875 0.5341796875 0.1046875 0.0732421875
Cars 0.3390625 0.501953125 0.05625 0.064453125
Cars 0.41796875 0.490234375 0.03359375 0.033203125
Cars 0.45234375 0.4716796875 0.02265625 0.0283203125
Cars 0.68515625 0.5 0.02890625 0.033203125
Cars 0.65234375 0.486328125 0.01796875 0.021484375
Cars 0.6375 0.48046875 0.0109375 0.017578125
Cars 0.6109375 0.4697265625 0.0109375 0.0126953125
Cars 0.490625 0.47265625 0.009375 0.017578125
Cars 0.521875 0.4677734375 0.0125 0.0146484375
