Cars 0.06875 0.6611328125 0.06875 0.1240234375
Cars 0.15390625 0.583984375 0.07734375 0.087890625
Cars 0.2578125 0.53515625 0.0609375 0.068359375
Cars 0.353125 0.5048828125 0.0453125 0.0458984375
Cars 0.49296875 0.462890625 0.02890625 0.03125
Cars 0.65859375 0.5009765625 0.05078125 0.0419921875
Cars 0.8296875 0.6064453125 0.0875 0.0986328125
Cars 0.9078125 0.7099609375 0.090625 0.1943359375
Cars 0.10546875 0.4765625 0.05546875 0.03125
Cars 0.21015625 0.44921875 0.05078125 0.017578125
Cars 0.184375 0.47265625 0.03125 0.02734375
Cars 0.61328125 0.466796875 0.02578125 0.029296875
Cars 0.9015625 0.4912109375 0.0609375 0.0361328125
Cars 0.95703125 0.478515625 0.04140625 0.029296875
Cars 0.41015625 0.4765625 0.02109375 0.02734375
People 0.43203125 0.462890625 0.01171875 0.0234375
