People 0.68046875 0.48828125 0.01015625 0.041015625
Cars 0.940625 0.5126953125 0.0328125 0.0517578125
Cars 0.83125 0.490234375 0.0546875 0.0546875
Cars 0.76328125 0.5771484375 0.09765625 0.0849609375
Cars 0.01875 0.646484375 0.01875 0.1171875
Cars 0.1046875 0.576171875 0.103125 0.130859375
Cars 0.284375 0.5029296875 0.0515625 0.0576171875
Cars 0.3421875 0.49609375 0.021875 0.03515625
Cars 0.3765625 0.4755859375 0.01875 0.0283203125
Cars 0.425 0.4541015625 0.0203125 0.0224609375
Cars 0.51796875 0.4306640625 0.01171875 0.0126953125
Cars 0.7296875 0.462890625 0.03125 0.03515625
Cars 0.6578125 0.4580078125 0.025 0.0205078125
Cars 0.64453125 0.4501953125 0.02265625 0.0205078125
