People 0.0671875 0.5263671875 0.025 0.1044921875
People 0.11171875 0.521484375 0.03984375 0.115234375
People 0.6296875 0.5146484375 0.028125 0.1240234375
People 0.59296875 0.4990234375 0.02265625 0.1142578125
Cars 0.034375 0.513671875 0.034375 0.083984375
Cars 0.0296875 0.44140625 0.028125 0.01953125
Cars 0.153125 0.46484375 0.0328125 0.048828125
Cars 0.190625 0.455078125 0.053125 0.0546875
Cars 0.2578125 0.4404296875 0.0359375 0.0458984375
Cars 0.365625 0.55859375 0.125 0.126953125
Cars 0.75078125 0.50390625 0.10078125 0.08203125
Cars 0.84765625 0.50390625 0.15078125 0.138671875
Cars 0.95 0.5791015625 0.04375 0.1220703125
Cars 0.36015625 0.421875 0.03671875 0.013671875
People 0.4734375 0.4658203125 0.009375 0.0283203125
People 0.4890625 0.4521484375 0.0140625 0.0419921875
