People 0.23046875 0.5107421875 0.01640625 0.0341796875
People 0.56796875 0.5068359375 0.01640625 0.0322265625
People 0.725 0.525390625 0.015625 0.0546875
People 0.76796875 0.5244140625 0.01484375 0.0595703125
People 0.79609375 0.5400390625 0.01484375 0.0498046875
People 0.83515625 0.5537109375 0.01484375 0.0595703125
People 0.87578125 0.5478515625 0.02265625 0.0654296875
People 0.9140625 0.5439453125 0.015625 0.0732421875
People 0.9359375 0.5322265625 0.015625 0.0595703125
People 0.96953125 0.5556640625 0.02109375 0.0654296875
Cars 0.49296875 0.5654296875 0.07421875 0.0771484375
Cars 0.44921875 0.4892578125 0.01484375 0.0185546875
