Cars 0.06484375 0.427734375 0.06484375 0.0546875
People 0.10625 0.44921875 0.01875 0.04296875
People 0.01953125 0.4404296875 0.01796875 0.0615234375
People 0.21484375 0.4462890625 0.02421875 0.0361328125
People 0.3078125 0.4375 0.01875 0.0390625
People 0.3640625 0.4296875 0.01875 0.03515625
Cars 0.78359375 0.4287109375 0.03671875 0.0439453125
Bicycles 0.03125 0.4921875 0.0296875 0.033203125
Bicycles 0.10625 0.490234375 0.021875 0.02734375
Bicycles 0.21484375 0.4794921875 0.02734375 0.0224609375
Bicycles 0.309375 0.466796875 0.0203125 0.0234375
Bicycles 0.36484375 0.4580078125 0.01796875 0.0224609375
People 0.4109375 0.4267578125 0.0140625 0.0322265625
