Cars 0.05625 0.58984375 0.05625 0.119140625
Cars 0.14453125 0.55859375 0.05390625 0.0703125
Cars 0.23046875 0.470703125 0.04765625 0.02734375
Cars 0.30859375 0.4794921875 0.03359375 0.0361328125
Cars 0.35625 0.4658203125 0.025 0.0263671875
Cars 0.48984375 0.43359375 0.01640625 0.015625
Cars 0.63359375 0.4658203125 0.01796875 0.0322265625
Cars 0.79453125 0.4794921875 0.06796875 0.0439453125
Cars 0.8875 0.505859375 0.1 0.056640625
People 0.5171875 0.4521484375 0.0125 0.0283203125
Cars 0.96953125 0.5537109375 0.02890625 0.0771484375
Cars 0.9734375 0.447265625 0.025 0.029296875
Cars 0.625 0.4443359375 0.03125 0.0224609375
