Cars 0.90234375 0.609375 0.09609375 0.158203125
Cars 0.825 0.44921875 0.0390625 0.025390625
People 0.77734375 0.4599609375 0.01484375 0.0517578125
Cars 0.71953125 0.4375 0.01328125 0.01953125
Cars 0.696875 0.4365234375 0.009375 0.0205078125
Cars 0.66171875 0.4228515625 0.02265625 0.0126953125
People 0.659375 0.478515625 0.0125 0.041015625
Cars 0.6296875 0.4580078125 0.0125 0.0224609375
Cars 0.5296875 0.458984375 0.0109375 0.021484375
Cars 0.4984375 0.455078125 0.0109375 0.017578125
Cars 0.35859375 0.4560546875 0.01484375 0.0146484375
Cars 0.3390625 0.453125 0.009375 0.01171875
Cars 0.31875 0.4521484375 0.0125 0.0146484375
Cars 0.28828125 0.4296875 0.01640625 0.01171875
Cars 0.29453125 0.4619140625 0.01328125 0.0205078125
Cars 0.2734375 0.4794921875 0.01875 0.0361328125
Cars 0.2015625 0.4873046875 0.0640625 0.0888671875
Cars 0.10390625 0.5703125 0.10390625 0.291015625
