People 0.28046875 0.478515625 0.02421875 0.064453125
People 0.70390625 0.466796875 0.01328125 0.052734375
People 0.73125 0.466796875 0.015625 0.05859375
Cars 0.1921875 0.48046875 0.0515625 0.044921875
Cars 0.25234375 0.4716796875 0.02421875 0.0341796875
Cars 0.378125 0.4677734375 0.01875 0.0146484375
Cars 0.4125 0.4677734375 0.0171875 0.0205078125
People 0.83984375 0.4716796875 0.01640625 0.0693359375
People 0.86953125 0.4697265625 0.01640625 0.0693359375
People 0.903125 0.46484375 0.01875 0.07421875
People 0.78984375 0.4697265625 0.01328125 0.0595703125
People 0.7734375 0.48046875 0.0140625 0.068359375
People 0.75390625 0.46875 0.01171875 0.060546875
People 0.01171875 0.490234375 0.01171875 0.048828125
