Cars 0.87578125 0.5234375 0.03828125 0.037109375
Cars 0.765625 0.6083984375 0.1203125 0.1123046875
People 0.04296875 0.5263671875 0.01171875 0.0380859375
People 0.0578125 0.5224609375 0.009375 0.0361328125
People 0.365625 0.513671875 0.0109375 0.02734375
People 0.38515625 0.5087890625 0.01171875 0.0283203125
Cars 0.44296875 0.4970703125 0.02421875 0.0361328125
Cars 0.48359375 0.5107421875 0.00859375 0.0107421875
Cars 0.5234375 0.5107421875 0.009375 0.0107421875
Cars 0.62734375 0.5302734375 0.05234375 0.0537109375
