Cars 0.046875 0.564453125 0.046875 0.0546875
Cars 0.14609375 0.5126953125 0.05859375 0.0224609375
Cars 0.2109375 0.4970703125 0.040625 0.0341796875
Cars 0.134375 0.6552734375 0.134375 0.1298828125
Cars 0.30625 0.517578125 0.06875 0.068359375
Cars 0.378125 0.4873046875 0.03125 0.0439453125
Cars 0.48203125 0.44921875 0.02265625 0.025390625
Cars 0.85234375 0.791015625 0.14296875 0.20703125
Cars 0.73203125 0.583984375 0.12890625 0.125
Cars 0.61015625 0.53125 0.03515625 0.0546875
Cars 0.58828125 0.5087890625 0.03828125 0.0478515625
People 0.49140625 0.4658203125 0.01015625 0.0283203125
Cars 0.565625 0.4775390625 0.0359375 0.0380859375
Cars 0.525 0.455078125 0.0203125 0.021484375
People 0.42421875 0.44921875 0.00546875 0.017578125
Cars 0.625 0.4541015625 0.0234375 0.0224609375
Cars 0.6515625 0.439453125 0.0140625 0.017578125
Cars 0.40390625 0.447265625 0.01484375 0.015625
