Cars 0.64765625 0.509765625 0.03828125 0.041015625
Cars 0.63046875 0.486328125 0.03828125 0.037109375
Cars 0.7515625 0.5361328125 0.0921875 0.0947265625
Cars 0.85390625 0.6201171875 0.14296875 0.1357421875
Cars 0.95703125 0.759765625 0.04140625 0.12890625
Cars 0.284375 0.5 0.053125 0.046875
Cars 0.096875 0.482421875 0.0484375 0.048828125
People 0.5765625 0.478515625 0.0109375 0.041015625
People 0.42578125 0.4697265625 0.01015625 0.0322265625
People 0.4078125 0.4677734375 0.0109375 0.0322265625
Cars 0.52734375 0.453125 0.01015625 0.015625
Cars 0.0671875 0.5263671875 0.0625 0.1005859375
Cars 0.1984375 0.46875 0.0203125 0.02734375
People 0.47734375 0.46484375 0.00859375 0.0234375
Bicycles 0.47734375 0.4755859375 0.01015625 0.0185546875
