People 0.97109375 0.6220703125 0.02734375 0.1220703125
Cars 0.1421875 0.494140625 0.046875 0.03125
Cars 0.1125 0.576171875 0.096875 0.076171875
Cars 0.26484375 0.5205078125 0.05546875 0.0439453125
Cars 0.3578125 0.4833984375 0.034375 0.0341796875
Cars 0.5953125 0.5283203125 0.0203125 0.0498046875
Cars 0.64296875 0.5517578125 0.05859375 0.0673828125
Cars 0.69453125 0.5869140625 0.08046875 0.0849609375
People 0.43984375 0.474609375 0.00703125 0.017578125
Cars 0.39375 0.486328125 0.0125 0.01953125
Cars 0.409375 0.470703125 0.0140625 0.025390625
Cars 0.04765625 0.515625 0.04609375 0.04296875
Cars 0.58046875 0.5087890625 0.02421875 0.0341796875
Cars 0.55859375 0.4951171875 0.01796875 0.0205078125
Cars 0.30546875 0.505859375 0.03828125 0.0390625
