Cars 0.0515625 0.5068359375 0.05 0.1044921875
Cars 0.09296875 0.484375 0.08671875 0.09375
Cars 0.19921875 0.498046875 0.03359375 0.0546875
Cars 0.2234375 0.470703125 0.0328125 0.03125
Cars 0.2203125 0.4423828125 0.0453125 0.0205078125
Cars 0.3734375 0.5615234375 0.1578125 0.1513671875
People 0.69140625 0.5048828125 0.02890625 0.1142578125
People 0.5359375 0.4677734375 0.009375 0.0283203125
People 0.5484375 0.466796875 0.009375 0.029296875
People 0.58203125 0.470703125 0.01484375 0.052734375
People 0.60234375 0.4853515625 0.01171875 0.0380859375
