People 0.69609375 0.4580078125 0.01640625 0.0517578125
People 0.6234375 0.462890625 0.0140625 0.0546875
Cars 0.97421875 0.4873046875 0.02421875 0.0576171875
Cars 0.79921875 0.46484375 0.01484375 0.03515625
Cars 0.3046875 0.5068359375 0.0625 0.0595703125
Cars 0.06953125 0.662109375 0.06953125 0.099609375
People 0.83046875 0.5341796875 0.03359375 0.1220703125
People 0.5515625 0.458984375 0.0078125 0.0234375
People 0.596875 0.45703125 0.0078125 0.025390625
People 0.665625 0.46484375 0.015625 0.048828125
People 0.646875 0.4716796875 0.0125 0.0498046875
Cars 0.728125 0.458984375 0.01875 0.029296875
People 0.1546875 0.474609375 0.009375 0.017578125
People 0.12890625 0.48828125 0.01015625 0.015625
People 0.11484375 0.4892578125 0.01015625 0.0322265625
Cars 0.45859375 0.4609375 0.02421875 0.017578125
People 0.91171875 0.4990234375 0.03984375 0.1376953125
Cars 0.96484375 0.4033203125 0.03359375 0.0283203125
