People 0.69375 0.439453125 0.0234375 0.06640625
People 0.6578125 0.4365234375 0.01875 0.0654296875
People 0.334375 0.404296875 0.015625 0.0546875
Cars 0.8796875 0.5078125 0.1171875 0.09765625
Cars 0.365625 0.408203125 0.015625 0.03125
Cars 0.07734375 0.3916015625 0.03828125 0.0478515625
Cars 0.1703125 0.3974609375 0.0390625 0.0361328125
Cars 0.034375 0.390625 0.0296875 0.05078125
Cars 0.2375 0.4208984375 0.0734375 0.0576171875
Cars 0.38203125 0.404296875 0.01328125 0.029296875
Cars 0.4 0.404296875 0.0171875 0.029296875
Cars 0.43046875 0.40234375 0.01328125 0.025390625
Cars 0.45 0.400390625 0.009375 0.01953125
Cars 0.4609375 0.39453125 0.0140625 0.01953125
Cars 0.63515625 0.4228515625 0.02265625 0.0537109375
Cars 0.61015625 0.4140625 0.01484375 0.0390625
Cars 0.5953125 0.41796875 0.0125 0.025390625
Cars 0.5921875 0.4033203125 0.0171875 0.0283203125
