People 0.43515625 0.46875 0.01015625 0.029296875
Cars 0.5203125 0.4677734375 0.0109375 0.0205078125
Cars 0.38828125 0.4599609375 0.01171875 0.0126953125
Bicycles 0.596875 0.4951171875 0.0171875 0.0302734375
Bicycles 0.24140625 0.486328125 0.00703125 0.0234375
People 0.49921875 0.46875 0.01015625 0.029296875
People 0.675 0.4453125 0.0046875 0.013671875
People 0.6609375 0.4453125 0.0046875 0.01171875
Bicycles 0.678125 0.50390625 0.015625 0.0234375
Cars 0.46796875 0.462890625 0.02265625 0.025390625
People 0.346875 0.4560546875 0.0046875 0.0146484375
Bicycles 0.2234375 0.4873046875 0.009375 0.0244140625
Bicycles 0.21015625 0.484375 0.00703125 0.0234375
People 0.19140625 0.48046875 0.01015625 0.03515625
Bicycles 0.72109375 0.482421875 0.01640625 0.017578125
Bicycles 0.1453125 0.490234375 0.0140625 0.03125
