People 0.65078125 0.4638671875 0.01328125 0.0458984375
People 0.66953125 0.4599609375 0.01171875 0.0498046875
People 0.6890625 0.4658203125 0.0140625 0.0478515625
Cars 0.80859375 0.4638671875 0.02734375 0.0361328125
Cars 0.9265625 0.451171875 0.071875 0.076171875
Cars 0.94921875 0.490234375 0.04765625 0.06640625
People 0.115625 0.494140625 0.0125 0.029296875
People 0.13359375 0.4912109375 0.01171875 0.0302734375
People 0.59765625 0.4599609375 0.01328125 0.0322265625
Cars 0.72734375 0.4599609375 0.01796875 0.0302734375
Cars 0.4140625 0.4619140625 0.0125 0.0146484375
Cars 0.4421875 0.46484375 0.0203125 0.021484375
People 0.37890625 0.46484375 0.01015625 0.01953125
People 0.55703125 0.4599609375 0.00703125 0.0244140625
People 0.546875 0.4609375 0.00625 0.0234375
