People 0.89296875 0.48828125 0.01484375 0.05859375
Bicycles 0.82890625 0.513671875 0.01015625 0.029296875
People 0.80234375 0.4833984375 0.01484375 0.0537109375
People 0.771875 0.484375 0.0125 0.046875
Cars 0.45234375 0.47265625 0.02734375 0.029296875
Cars 0.4125 0.4609375 0.0125 0.013671875
Cars 0.37109375 0.4716796875 0.01953125 0.0205078125
Cars 0.3125 0.48046875 0.03125 0.03125
Cars 0.23828125 0.4873046875 0.02109375 0.0458984375
Cars 0.18125 0.494140625 0.0359375 0.05859375
Cars 0.0734375 0.521484375 0.0734375 0.064453125
