Cars 0.95546875 0.5615234375 0.04296875 0.1513671875
Cars 0.87578125 0.5439453125 0.08359375 0.0966796875
Cars 0.84140625 0.4990234375 0.10234375 0.1025390625
People 0.7 0.51953125 0.01875 0.09375
Cars 0.65078125 0.486328125 0.03984375 0.048828125
Cars 0.5796875 0.498046875 0.040625 0.0390625
Cars 0.465625 0.4921875 0.0609375 0.078125
People 0.36015625 0.5068359375 0.03359375 0.1005859375
Bicycles 0.3640625 0.587890625 0.028125 0.052734375
Cars 0.21953125 0.5146484375 0.02265625 0.0380859375
Cars 0.1 0.5361328125 0.1 0.0908203125
Cars 0.3 0.482421875 0.025 0.037109375
Cars 0.12265625 0.43359375 0.07109375 0.0234375
Cars 0.65625 0.51953125 0.03125 0.0625
Cars 0.23671875 0.494140625 0.06484375 0.0625
