Cars 0.28671875 0.4189453125 0.07734375 0.0458984375
Cars 0.16484375 0.416015625 0.03671875 0.033203125
People 0.2609375 0.4501953125 0.01875 0.0458984375
People 0.32109375 0.45703125 0.02421875 0.044921875
Bicycles 0.2609375 0.501953125 0.034375 0.037109375
Bicycles 0.32421875 0.49609375 0.02421875 0.021484375
Bicycles 0.3765625 0.4873046875 0.01875 0.0205078125
People 0.37890625 0.4462890625 0.01640625 0.0361328125
People 0.41328125 0.427734375 0.01796875 0.048828125
People 0.44296875 0.4326171875 0.01328125 0.0380859375
Bicycles 0.41640625 0.4814453125 0.01484375 0.0341796875
Bicycles 0.44375 0.474609375 0.015625 0.02734375
People 0.48515625 0.4296875 0.01796875 0.044921875
Bicycles 0.48671875 0.46875 0.02265625 0.0234375
People 0.53046875 0.4453125 0.01640625 0.0390625
Bicycles 0.53125 0.4697265625 0.0234375 0.0224609375
People 0.58671875 0.4384765625 0.02265625 0.0361328125
Bicycles 0.5890625 0.4697265625 0.0203125 0.0205078125
Bicycles 0.20546875 0.505859375 0.04921875 0.02734375
People 0.20078125 0.4580078125 0.02265625 0.0517578125
