Cars 0.53828125 0.45703125 0.07890625 0.09375
Cars 0.4234375 0.4453125 0.0296875 0.03125
Cars 0.390625 0.43359375 0.0078125 0.009765625
Cars 0.3609375 0.4228515625 0.009375 0.0087890625
Cars 0.33671875 0.4169921875 0.00859375 0.0107421875
Cars 0.31796875 0.4150390625 0.00859375 0.0107421875
Cars 0.24921875 0.416015625 0.00859375 0.0078125
Cars 0.25703125 0.4375 0.02578125 0.01953125
Cars 0.18984375 0.4013671875 0.00703125 0.0087890625
Cars 0.2203125 0.4208984375 0.0078125 0.0107421875
Cars 0.209375 0.4140625 0.0109375 0.013671875
Cars 0.1890625 0.431640625 0.0140625 0.015625
Cars 0.14453125 0.44140625 0.01796875 0.017578125
Cars 0.021875 0.451171875 0.021875 0.021484375
