People 0.0390625 0.6181640625 0.0390625 0.1240234375
Bicycles 0.0328125 0.7216796875 0.0296875 0.0693359375
Cars 0.121875 0.572265625 0.0671875 0.078125
Cars 0.2015625 0.478515625 0.0328125 0.0234375
Cars 0.24296875 0.45703125 0.04921875 0.03515625
Cars 0.38125 0.4921875 0.034375 0.03515625
Cars 0.596875 0.486328125 0.0234375 0.037109375
Cars 0.63359375 0.50390625 0.03671875 0.0390625
Cars 0.6828125 0.541015625 0.0609375 0.056640625
Cars 0.715625 0.57421875 0.0703125 0.07421875
Cars 0.84921875 0.646484375 0.14609375 0.14453125
Cars 0.91875 0.818359375 0.0765625 0.177734375
Cars 0.50859375 0.443359375 0.01171875 0.015625
Cars 0.315625 0.466796875 0.025 0.01953125
Cars 0.4546875 0.451171875 0.0125 0.01171875
Cars 0.56171875 0.4580078125 0.01796875 0.0205078125
