Cars 0.42890625 0.4931640625 0.01640625 0.0166015625
Cars 0.48671875 0.494140625 0.01484375 0.015625
People 0.94296875 0.515625 0.01640625 0.052734375
People 0.91640625 0.515625 0.01640625 0.0546875
People 0.81875 0.490234375 0.0109375 0.01953125
People 0.8 0.4853515625 0.0109375 0.0205078125
People 0.19296875 0.5 0.01015625 0.03125
People 0.01328125 0.490234375 0.01328125 0.041015625
People 0.0328125 0.49609375 0.0109375 0.04296875
People 0.759375 0.484375 0.009375 0.01953125
People 0.76796875 0.4970703125 0.01015625 0.0283203125
