Cars 0.7703125 0.4794921875 0.05 0.0380859375
Cars 0.9140625 0.498046875 0.08125 0.060546875
Cars 0.35859375 0.47265625 0.02734375 0.03125
Cars 0.03359375 0.599609375 0.03359375 0.107421875
Cars 0.10546875 0.580078125 0.07109375 0.0859375
Cars 0.2 0.541015625 0.0625 0.072265625
Cars 0.2578125 0.51171875 0.028125 0.041015625
People 0.30859375 0.4990234375 0.01171875 0.0537109375
Cars 0.76171875 0.4501953125 0.06484375 0.0458984375
People 0.5421875 0.45703125 0.0109375 0.01953125
People 0.590625 0.45703125 0.009375 0.021484375
People 0.51875 0.4658203125 0.009375 0.0283203125
Cars 0.4796875 0.44140625 0.009375 0.01171875
Cars 0.68359375 0.4599609375 0.01640625 0.0205078125
Cars 0.65 0.462890625 0.009375 0.01953125
Cars 0.39453125 0.466796875 0.01171875 0.01953125
Cars 0.4109375 0.4638671875 0.0109375 0.0166015625
