Cars 0.059375 0.5888671875 0.059375 0.1103515625
Cars 0.2390625 0.51171875 0.0609375 0.056640625
Cars 0.30625 0.4921875 0.01875 0.03515625
Cars 0.328125 0.484375 0.028125 0.03125
Cars 0.81171875 0.5009765625 0.10390625 0.0458984375
Cars 0.96015625 0.48828125 0.03515625 0.048828125
Cars 0.65546875 0.458984375 0.02578125 0.021484375
People 0.50625 0.455078125 0.0109375 0.01953125
People 0.53671875 0.4443359375 0.01015625 0.0205078125
People 0.3890625 0.4560546875 0.0109375 0.0263671875
Cars 0.66875 0.4365234375 0.04375 0.0322265625
Cars 0.73203125 0.470703125 0.03984375 0.025390625
People 0.5515625 0.447265625 0.00625 0.01953125
