People 0.7140625 0.5029296875 0.0140625 0.0419921875
People 0.68515625 0.4814453125 0.01171875 0.0498046875
People 0.66640625 0.4755859375 0.01015625 0.0322265625
Cars 0.49140625 0.46875 0.02578125 0.021484375
Cars 0.44765625 0.474609375 0.01640625 0.017578125
Cars 0.28125 0.466796875 0.028125 0.02734375
Cars 0.20859375 0.4677734375 0.04453125 0.0419921875
Cars 0.12734375 0.462890625 0.02734375 0.0234375
Cars 0.32265625 0.470703125 0.01015625 0.01171875
Cars 0.0359375 0.4658203125 0.0140625 0.0166015625
Cars 0.015625 0.4736328125 0.015625 0.0302734375
