People 0.0125 0.521484375 0.0125 0.076171875
People 0.04375 0.517578125 0.0203125 0.072265625
People 0.39375 0.53515625 0.0234375 0.091796875
People 0.61640625 0.5595703125 0.03359375 0.0927734375
Bicycles 0.39921875 0.59765625 0.01796875 0.048828125
Cars 0.309375 0.48828125 0.0453125 0.0390625
Cars 0.64921875 0.515625 0.02109375 0.037109375
Cars 0.58046875 0.474609375 0.01640625 0.033203125
Cars 0.35390625 0.4892578125 0.01328125 0.0302734375
Cars 0.61796875 0.447265625 0.02578125 0.0234375
Cars 0.4453125 0.4521484375 0.0125 0.0166015625
Cars 0.55859375 0.4677734375 0.01484375 0.0263671875
