Cars 0.03359375 0.6279296875 0.03359375 0.1201171875
Cars 0.1140625 0.5791015625 0.0953125 0.1025390625
Cars 0.2203125 0.53125 0.078125 0.0859375
Cars 0.3296875 0.494140625 0.040625 0.041015625
Cars 0.375 0.48046875 0.0171875 0.02734375
People 0.659375 0.4716796875 0.009375 0.0244140625
Cars 0.43828125 0.458984375 0.01640625 0.021484375
Cars 0.7625 0.490234375 0.0359375 0.041015625
Cars 0.703125 0.548828125 0.065625 0.064453125
Cars 0.88046875 0.677734375 0.11796875 0.125
Cars 0.8390625 0.5 0.0296875 0.0390625
Cars 0.83125 0.470703125 0.01875 0.03125
Cars 0.703125 0.4599609375 0.025 0.0263671875
Cars 0.525 0.4345703125 0.0125 0.0126953125
