People 0.971875 0.6455078125 0.025 0.2666015625
Cars 0.85859375 0.515625 0.11484375 0.115234375
Cars 0.7421875 0.5126953125 0.0453125 0.0947265625
Cars 0.6703125 0.521484375 0.0484375 0.060546875
Cars 0.64921875 0.5029296875 0.07421875 0.0673828125
People 0.52578125 0.4951171875 0.02109375 0.0634765625
People 0.48359375 0.4951171875 0.02109375 0.0673828125
People 0.3296875 0.4755859375 0.0109375 0.0283203125
People 0.36171875 0.4755859375 0.01015625 0.0302734375
People 0.38125 0.4765625 0.0109375 0.03125
Cars 0.2125 0.5 0.0140625 0.0234375
Cars 0.2640625 0.47265625 0.0203125 0.017578125
Cars 0.125 0.498046875 0.0796875 0.060546875
Cars 0.06328125 0.5048828125 0.06328125 0.0693359375
Cars 0.45 0.4755859375 0.021875 0.0322265625
Cars 0.56484375 0.482421875 0.02421875 0.044921875
