Cars 0.35625 0.623046875 0.253125 0.236328125
Bicycles 0.703125 0.6357421875 0.0265625 0.0615234375
Bicycles 0.65546875 0.607421875 0.01640625 0.0546875
People 0.71640625 0.537109375 0.06328125 0.125
People 0.8921875 0.4755859375 0.028125 0.0810546875
People 0.975 0.46484375 0.0234375 0.083984375
People 0.0125 0.4658203125 0.0125 0.0205078125
Cars 0.84140625 0.45703125 0.03359375 0.03515625
People 0.5421875 0.45703125 0.009375 0.025390625
Cars 0.77578125 0.4677734375 0.01796875 0.0283203125
People 0.928125 0.47265625 0.0203125 0.080078125
