Cars 0.9859375 0.4853515625 0.0125 0.0205078125
Cars 0.934375 0.4736328125 0.0375 0.0302734375
Cars 0.87421875 0.4755859375 0.01171875 0.0185546875
Cars 0.796875 0.47265625 0.059375 0.037109375
Cars 0.7203125 0.4716796875 0.0171875 0.0166015625
Cars 0.63828125 0.482421875 0.03828125 0.02734375
Cars 0.5953125 0.4736328125 0.0109375 0.0146484375
Cars 0.54375 0.4814453125 0.040625 0.0224609375
Cars 0.49609375 0.482421875 0.04609375 0.0234375
Cars 0.39921875 0.4765625 0.03515625 0.0390625
Cars 0.26015625 0.4677734375 0.02578125 0.0185546875
Cars 0.22578125 0.470703125 0.02578125 0.015625
Cars 0.34765625 0.47265625 0.01640625 0.0234375
