Cars 0.67109375 0.5087890625 0.03671875 0.0361328125
Cars 0.7109375 0.544921875 0.0546875 0.05859375
Cars 0.834375 0.5791015625 0.109375 0.1044921875
Cars 0.46328125 0.4453125 0.01484375 0.017578125
Cars 0.54921875 0.447265625 0.01640625 0.017578125
People 0.20078125 0.46875 0.01171875 0.03515625
People 0.3484375 0.453125 0.009375 0.021484375
Bicycles 0.95234375 0.5625 0.02109375 0.037109375
People 0.6078125 0.451171875 0.00625 0.01953125
People 0.6265625 0.46484375 0.0109375 0.025390625
People 0.93046875 0.4814453125 0.01484375 0.0283203125
