Cars 0.74140625 0.525390625 0.04140625 0.0625
Cars 0.83515625 0.5322265625 0.08828125 0.1005859375
Cars 0.903125 0.603515625 0.09375 0.16015625
People 0.65 0.478515625 0.0109375 0.03515625
People 0.6109375 0.47265625 0.0109375 0.037109375
People 0.42421875 0.4619140625 0.01171875 0.0185546875
People 0.409375 0.4580078125 0.009375 0.0224609375
People 0.37421875 0.4619140625 0.01171875 0.0322265625
People 0.67421875 0.466796875 0.01015625 0.017578125
People 0.68828125 0.4638671875 0.01171875 0.0322265625
