Bicycles 0.6078125 0.654296875 0.0171875 0.0625
People 0.74375 0.4990234375 0.0109375 0.0341796875
People 0.47421875 0.4912109375 0.01484375 0.0517578125
People 0.44375 0.4951171875 0.015625 0.0517578125
People 0.4203125 0.4912109375 0.0125 0.0517578125
People 0.6140625 0.580078125 0.0296875 0.107421875
Cars 0.853125 0.5400390625 0.0875 0.0283203125
Cars 0.86953125 0.7001953125 0.12890625 0.1474609375
Cars 0.3546875 0.5146484375 0.0546875 0.0498046875
Cars 0.1671875 0.638671875 0.1171875 0.1171875
Cars 0.06640625 0.6943359375 0.06640625 0.1708984375
People 0.52890625 0.4609375 0.01015625 0.0234375
Cars 0.9640625 0.51953125 0.0328125 0.052734375
