People 0.959375 0.5751953125 0.0390625 0.2841796875
Cars 0.8109375 0.4580078125 0.0265625 0.0419921875
Cars 0.91875 0.447265625 0.0703125 0.06640625
People 0.68203125 0.46875 0.01015625 0.046875
People 0.66328125 0.46875 0.01015625 0.052734375
People 0.64375 0.470703125 0.0109375 0.052734375
People 0.14453125 0.4921875 0.01171875 0.03515625
People 0.59765625 0.4599609375 0.00859375 0.0302734375
Cars 0.7265625 0.4599609375 0.0171875 0.0263671875
Cars 0.415625 0.4638671875 0.015625 0.0146484375
Cars 0.4453125 0.466796875 0.021875 0.01953125
People 0.12578125 0.490234375 0.01171875 0.03125
People 0.5484375 0.458984375 0.0078125 0.0234375
People 0.38046875 0.46484375 0.01015625 0.021484375
