Cars 0.13125 0.5078125 0.1296875 0.154296875
Cars 0.19296875 0.5830078125 0.12578125 0.1396484375
People 0.48046875 0.4462890625 0.02890625 0.0810546875
People 0.446875 0.4599609375 0.0171875 0.0478515625
People 0.4171875 0.45703125 0.01875 0.03515625
People 0.353125 0.599609375 0.084375 0.24609375
People 0.86015625 0.455078125 0.02578125 0.060546875
Cars 0.5203125 0.6728515625 0.0796875 0.1572265625
People 0.60390625 0.6044921875 0.18515625 0.3896484375
Cars 0.79921875 0.6162109375 0.11640625 0.2255859375
