People 0.8390625 0.470703125 0.015625 0.044921875
Cars 0.971875 0.5302734375 0.0265625 0.0849609375
Cars 0.746875 0.490234375 0.03125 0.05078125
Cars 0.396875 0.431640625 0.0125 0.015625
Cars 0.375 0.4306640625 0.015625 0.0185546875
Cars 0.346875 0.4462890625 0.0265625 0.0302734375
People 0.90859375 0.505859375 0.04296875 0.134765625
Bicycles 0.91328125 0.5859375 0.03671875 0.080078125
Bicycles 0.79140625 0.556640625 0.03359375 0.044921875
People 0.69765625 0.46875 0.02578125 0.06640625
Bicycles 0.69453125 0.529296875 0.01171875 0.0390625
People 0.6578125 0.4716796875 0.0140625 0.0458984375
Bicycles 0.6578125 0.50390625 0.009375 0.0234375
People 0.615625 0.4638671875 0.015625 0.0419921875
Bicycles 0.61484375 0.4921875 0.01015625 0.0234375
