Bicycles 0.3453125 0.5703125 0.0375 0.060546875
People 0.3484375 0.498046875 0.0390625 0.099609375
Cars 0.43203125 0.4921875 0.05234375 0.060546875
Cars 0.57109375 0.49609375 0.02421875 0.03125
Cars 0.6109375 0.5 0.021875 0.033203125
Cars 0.65390625 0.4931640625 0.02421875 0.0576171875
Cars 0.73046875 0.44921875 0.03515625 0.021484375
Cars 0.88046875 0.447265625 0.11796875 0.037109375
Cars 0.865625 0.525390625 0.1265625 0.095703125
Cars 0.946875 0.548828125 0.046875 0.099609375
Cars 0.51015625 0.4853515625 0.02734375 0.0380859375
People 0.68671875 0.501953125 0.02890625 0.087890625
