Cars 0.35390625 0.498046875 0.02421875 0.033203125
Cars 0.27578125 0.4892578125 0.05859375 0.0615234375
Cars 0.47890625 0.509765625 0.08671875 0.0859375
Cars 0.37890625 0.484375 0.01171875 0.021484375
People 0.84453125 0.482421875 0.01640625 0.05859375
People 0.875 0.4462890625 0.0109375 0.0322265625
People 0.89921875 0.47265625 0.01640625 0.064453125
People 0.79296875 0.4716796875 0.01328125 0.0380859375
People 0.7734375 0.474609375 0.0140625 0.0390625
People 0.203125 0.4892578125 0.0125 0.0478515625
People 0.03203125 0.4853515625 0.01640625 0.0419921875
Bicycles 0.0296875 0.5263671875 0.0234375 0.0224609375
