Cars 0.875 0.52734375 0.1234375 0.078125
Cars 0.61171875 0.4716796875 0.05390625 0.0458984375
Cars 0.1234375 0.4677734375 0.0359375 0.0302734375
Cars 0.18203125 0.4599609375 0.02734375 0.0263671875
Cars 0.21640625 0.45703125 0.01171875 0.0234375
Cars 0.5484375 0.4716796875 0.009375 0.0283203125
Cars 0.5296875 0.46484375 0.0109375 0.03125
Cars 0.51328125 0.4609375 0.01015625 0.02734375
Cars 0.49765625 0.455078125 0.01015625 0.021484375
Cars 0.48125 0.443359375 0.009375 0.01953125
Cars 0.46484375 0.4404296875 0.00703125 0.0146484375
Cars 0.45078125 0.435546875 0.01015625 0.017578125
Cars 0.43125 0.4306640625 0.009375 0.0146484375
Cars 0.41484375 0.427734375 0.01015625 0.013671875
Cars 0.4 0.4248046875 0.009375 0.0126953125
Cars 0.38515625 0.4248046875 0.01015625 0.0126953125
Cars 0.36953125 0.4228515625 0.01015625 0.0126953125
Cars 0.31484375 0.419921875 0.01484375 0.0078125
Cars 0.27734375 0.419921875 0.01171875 0.01171875
