Bicycles 0.834375 0.65625 0.04375 0.10546875
Bicycles 0.58515625 0.5615234375 0.02109375 0.0595703125
Bicycles 0.4421875 0.583984375 0.0234375 0.064453125
People 0.9421875 0.4951171875 0.025 0.0771484375
People 0.915625 0.4619140625 0.0078125 0.0146484375
People 0.96328125 0.4482421875 0.00546875 0.0146484375
People 0.98671875 0.44921875 0.01171875 0.017578125
Cars 0.41328125 0.4697265625 0.01171875 0.0107421875
Cars 0.3921875 0.4716796875 0.0109375 0.0087890625
People 0.821875 0.5146484375 0.0515625 0.1591796875
People 0.58984375 0.498046875 0.02734375 0.10546875
People 0.540625 0.47265625 0.009375 0.029296875
People 0.53046875 0.4658203125 0.00546875 0.0205078125
People 0.52421875 0.46484375 0.00390625 0.017578125
People 0.44765625 0.50390625 0.03203125 0.09765625
