Cars 0.89453125 0.716796875 0.10234375 0.158203125
Cars 0.78359375 0.578125 0.10234375 0.091796875
Cars 0.68046875 0.5390625 0.05234375 0.05859375
Cars 0.63203125 0.4912109375 0.03515625 0.0361328125
Cars 0.5046875 0.4462890625 0.0140625 0.0126953125
Cars 0.18125 0.4951171875 0.0734375 0.0341796875
People 0.43671875 0.4609375 0.01015625 0.0234375
Cars 0.04296875 0.4833984375 0.04140625 0.0361328125
Cars 0.25234375 0.47265625 0.04921875 0.029296875
Cars 0.37109375 0.4609375 0.01484375 0.0234375
Cars 0.59765625 0.4736328125 0.02421875 0.0322265625
Cars 0.575 0.47265625 0.0125 0.02734375
Cars 0.09140625 0.47265625 0.03671875 0.029296875
