People 0.8921875 0.501953125 0.0140625 0.06640625
People 0.8125 0.5234375 0.01875 0.033203125
People 0.7328125 0.486328125 0.0125 0.03125
People 0.68046875 0.466796875 0.01015625 0.01953125
Bicycles 0.68125 0.5078125 0.009375 0.017578125
Cars 0.45859375 0.4912109375 0.01640625 0.0205078125
Cars 0.39375 0.4931640625 0.0125 0.0126953125
Cars 0.353125 0.4873046875 0.0125 0.0185546875
Cars 0.31875 0.4853515625 0.0203125 0.0224609375
Cars 0.23359375 0.49609375 0.04453125 0.03515625
Cars 0.17265625 0.4892578125 0.02265625 0.0341796875
Cars 0.10546875 0.4921875 0.04609375 0.052734375
Cars 0.0328125 0.494140625 0.03125 0.05859375
