People 0.6734375 0.498046875 0.0140625 0.064453125
People 0.63359375 0.49609375 0.01796875 0.0703125
People 0.5171875 0.5390625 0.034375 0.193359375
People 0.4609375 0.54296875 0.0234375 0.16015625
Cars 0.37265625 0.4755859375 0.01484375 0.0166015625
Cars 0.23828125 0.4833984375 0.01328125 0.0126953125
Cars 0.14609375 0.466796875 0.01171875 0.01171875
Cars 0.11328125 0.470703125 0.01171875 0.01171875
Cars 0.09296875 0.4716796875 0.01171875 0.0126953125
Cars 0.07421875 0.474609375 0.01796875 0.01171875
People 0.92734375 0.48046875 0.01171875 0.021484375
