People 0.4140625 0.4697265625 0.0125 0.0361328125
People 0.4328125 0.46484375 0.0109375 0.037109375
People 0.57578125 0.470703125 0.00859375 0.041015625
People 0.5921875 0.48046875 0.01875 0.048828125
Cars 0.83828125 0.4814453125 0.06484375 0.0537109375
Cars 0.9046875 0.7216796875 0.090625 0.2255859375
Cars 0.3609375 0.48046875 0.03125 0.03125
Cars 0.30703125 0.474609375 0.03046875 0.041015625
Cars 0.28359375 0.5048828125 0.03359375 0.0498046875
Cars 0.17734375 0.4990234375 0.07265625 0.0615234375
Cars 0.121875 0.537109375 0.075 0.05859375
Cars 0.4953125 0.466796875 0.03125 0.02734375
Cars 0.6265625 0.4736328125 0.0265625 0.0380859375
Cars 0.5453125 0.462890625 0.0109375 0.013671875
Cars 0.70234375 0.5048828125 0.07421875 0.0693359375
Cars 0.38359375 0.4638671875 0.02734375 0.0361328125
People 0.56328125 0.4775390625 0.01015625 0.0458984375
