Cars 0.96328125 0.3583984375 0.00859375 0.0458984375
Cars 0.98203125 0.326171875 0.01171875 0.013671875
Cars 0.9140625 0.3447265625 0.040625 0.0419921875
Cars 0.7609375 0.3427734375 0.0953125 0.0458984375
Cars 0.528125 0.3466796875 0.0984375 0.0498046875
People 0.328125 0.326171875 0.0078125 0.017578125
Cars 0.2703125 0.3466796875 0.0234375 0.0283203125
Cars 0.23125 0.3203125 0.015625 0.015625
Cars 0.2296875 0.3623046875 0.0140625 0.0263671875
Cars 0.121875 0.35546875 0.0796875 0.0546875
Cars 0.02109375 0.369140625 0.02109375 0.033203125
