Cars 0.06015625 0.4755859375 0.06015625 0.0654296875
Cars 0.14375 0.474609375 0.0265625 0.037109375
Cars 0.93359375 0.48046875 0.06484375 0.048828125
Cars 0.8796875 0.748046875 0.115625 0.244140625
Cars 0.8 0.576171875 0.1453125 0.140625
People 0.6 0.4892578125 0.015625 0.0283203125
People 0.6234375 0.4814453125 0.0109375 0.0322265625
People 0.39921875 0.47265625 0.01171875 0.025390625
People 0.4390625 0.462890625 0.009375 0.017578125
Cars 0.30625 0.4716796875 0.0171875 0.0185546875
People 0.41640625 0.4560546875 0.01015625 0.0205078125
People 0.3421875 0.466796875 0.009375 0.025390625
People 0.3296875 0.46484375 0.009375 0.0234375
Cars 0.46015625 0.4755859375 0.01796875 0.0166015625
