Cars 0.70625 0.5439453125 0.071875 0.0693359375
People 0.809375 0.5302734375 0.0109375 0.0439453125
Cars 0.1234375 0.556640625 0.115625 0.095703125
Cars 0.61796875 0.517578125 0.04140625 0.05078125
Cars 0.56640625 0.5166015625 0.01484375 0.0361328125
Cars 0.55078125 0.509765625 0.01796875 0.029296875
Cars 0.53046875 0.5087890625 0.01171875 0.0205078125
Cars 0.515625 0.5048828125 0.0109375 0.0185546875
Cars 0.50703125 0.5029296875 0.01015625 0.0146484375
Cars 0.48359375 0.5029296875 0.00859375 0.0087890625
Cars 0.4484375 0.5 0.009375 0.01171875
