People 0.13828125 0.45703125 0.01796875 0.056640625
People 0.18515625 0.458984375 0.01796875 0.0625
People 0.43359375 0.45703125 0.01015625 0.0234375
People 0.540625 0.458984375 0.009375 0.021484375
People 0.91875 0.478515625 0.021875 0.041015625
People 0.875 0.4755859375 0.0171875 0.0419921875
People 0.84296875 0.4765625 0.01640625 0.037109375
People 0.62890625 0.4619140625 0.01015625 0.0283203125
People 0.415625 0.455078125 0.009375 0.025390625
People 0.48046875 0.45703125 0.01015625 0.01953125
People 0.60390625 0.4599609375 0.01015625 0.0263671875
People 0.646875 0.4609375 0.009375 0.02734375
Bicycles 0.74765625 0.529296875 0.02265625 0.0546875
Bicycles 0.96796875 0.6357421875 0.02890625 0.0576171875
Bicycles 0.90703125 0.630859375 0.03671875 0.052734375
People 0.715625 0.4638671875 0.009375 0.0166015625
