Cars 0.75546875 0.5859375 0.05390625 0.060546875
Cars 0.52734375 0.556640625 0.03984375 0.0390625
Cars 0.3109375 0.509765625 0.021875 0.025390625
Cars 0.26015625 0.513671875 0.02734375 0.03515625
Cars 0.16796875 0.53125 0.06484375 0.052734375
Cars 0.19765625 0.5771484375 0.07734375 0.0654296875
People 0.73203125 0.5068359375 0.00859375 0.0224609375
Cars 0.50078125 0.5224609375 0.02734375 0.0361328125
Cars 0.465625 0.5224609375 0.0125 0.0205078125
Cars 0.4078125 0.50390625 0.0109375 0.01171875
People 0.82109375 0.5029296875 0.01171875 0.0224609375
People 0.80625 0.5029296875 0.0109375 0.0263671875
People 0.778125 0.5068359375 0.0125 0.0224609375
Cars 0.8921875 0.5595703125 0.0828125 0.0302734375
Cars 0.88828125 0.525390625 0.02890625 0.029296875
