People 0.109375 0.484375 0.015625 0.0546875
Bicycles 0.2953125 0.5244140625 0.0109375 0.0283203125
Bicycles 0.94375 0.671875 0.0546875 0.08984375
Bicycles 0.73203125 0.55859375 0.01953125 0.052734375
Bicycles 0.5140625 0.498046875 0.0078125 0.025390625
Bicycles 0.471875 0.5 0.009375 0.01953125
People 0.59140625 0.474609375 0.01171875 0.03515625
People 0.653125 0.443359375 0.0109375 0.0078125
Cars 0.865625 0.5263671875 0.0453125 0.0908203125
Cars 0.6453125 0.4912109375 0.0453125 0.0419921875
Cars 0.4203125 0.46875 0.028125 0.015625
People 0.9375 0.515625 0.0609375 0.125
People 0.7296875 0.5009765625 0.028125 0.0869140625
People 0.5140625 0.4521484375 0.009375 0.0263671875
People 0.46796875 0.4755859375 0.01171875 0.0400390625
People 0.29765625 0.4794921875 0.01640625 0.0498046875
