People 0.75703125 0.49609375 0.03515625 0.06640625
People 0.646875 0.51171875 0.015625 0.0703125
Cars 0.68125 0.4990234375 0.021875 0.0224609375
People 0.615625 0.5302734375 0.009375 0.0517578125
People 0.5859375 0.5078125 0.0125 0.052734375
People 0.5609375 0.5068359375 0.0125 0.0498046875
Cars 0.51640625 0.5166015625 0.03203125 0.0283203125
Cars 0.540625 0.4853515625 0.0109375 0.0146484375
Cars 0.4734375 0.494140625 0.0140625 0.015625
Cars 0.45078125 0.494140625 0.01171875 0.01953125
Cars 0.4 0.5068359375 0.0375 0.0419921875
Cars 0.35546875 0.486328125 0.01328125 0.013671875
Cars 0.321875 0.501953125 0.028125 0.03515625
Cars 0.23515625 0.4990234375 0.05859375 0.0576171875
Cars 0.1109375 0.4853515625 0.0203125 0.0205078125
Cars 0.05390625 0.4814453125 0.02421875 0.0244140625
Cars 0.0078125 0.4892578125 0.0078125 0.0205078125
