People 0.86875 0.50390625 0.0234375 0.05859375
Bicycles 0.86796875 0.5439453125 0.03828125 0.0283203125
Cars 0.34375 0.4970703125 0.028125 0.0380859375
Cars 0.28828125 0.5078125 0.03828125 0.048828125
Cars 0.22734375 0.5322265625 0.06015625 0.0537109375
Cars 0.07578125 0.6259765625 0.07578125 0.1103515625
Cars 0.5703125 0.4833984375 0.025 0.0244140625
Cars 0.38515625 0.4755859375 0.01796875 0.0263671875
Cars 0.42265625 0.45703125 0.01015625 0.015625
Cars 0.78515625 0.4736328125 0.02109375 0.0146484375
Cars 0.54453125 0.4736328125 0.01484375 0.0205078125
People 0.40859375 0.4755859375 0.01171875 0.0341796875
