People 0.75390625 0.43359375 0.01171875 0.052734375
Bicycles 0.78203125 0.466796875 0.01484375 0.025390625
Bicycles 0.72578125 0.470703125 0.01796875 0.0234375
Cars 0.60859375 0.4111328125 0.02109375 0.0380859375
Cars 0.4859375 0.4267578125 0.0203125 0.0224609375
Cars 0.4265625 0.400390625 0.0078125 0.009765625
Cars 0.446875 0.400390625 0.0078125 0.009765625
Cars 0.45390625 0.4091796875 0.01015625 0.0107421875
Cars 0.4578125 0.42578125 0.009375 0.013671875
Cars 0.38984375 0.392578125 0.00703125 0.009765625
Cars 0.38046875 0.421875 0.01171875 0.01953125
People 0.35390625 0.4443359375 0.01171875 0.0498046875
People 0.32578125 0.443359375 0.01171875 0.044921875
Bicycles 0.3875 0.47265625 0.0171875 0.0234375
Bicycles 0.3078125 0.4755859375 0.0203125 0.0224609375
Cars 0.30078125 0.423828125 0.01640625 0.02734375
