People 0.7671875 0.50390625 0.009375 0.05859375
People 0.7015625 0.5 0.0390625 0.078125
Cars 0.55078125 0.505859375 0.03828125 0.03125
Cars 0.4984375 0.498046875 0.0171875 0.0234375
Cars 0.43984375 0.50390625 0.01328125 0.013671875
Cars 0.40859375 0.5029296875 0.01640625 0.0166015625
Cars 0.38125 0.4990234375 0.0140625 0.0185546875
Cars 0.35078125 0.49609375 0.01171875 0.017578125
Cars 0.321875 0.494140625 0.0140625 0.017578125
Cars 0.29375 0.4990234375 0.015625 0.0205078125
Cars 0.2640625 0.5 0.0140625 0.01953125
Cars 0.2328125 0.4951171875 0.015625 0.0224609375
Cars 0.20234375 0.498046875 0.01484375 0.025390625
Cars 0.11171875 0.52734375 0.08359375 0.06640625
Cars 0.04296875 0.50390625 0.04296875 0.046875
