People 0.5296875 0.5078125 0.0203125 0.0703125
People 0.4484375 0.505859375 0.0203125 0.06640625
People 0.40859375 0.46484375 0.00859375 0.025390625
Cars 0.1578125 0.5361328125 0.090625 0.0771484375
Cars 0.2640625 0.5244140625 0.03125 0.0458984375
Cars 0.3 0.5068359375 0.0328125 0.0380859375
Cars 0.32734375 0.4931640625 0.02109375 0.0302734375
Cars 0.35078125 0.4765625 0.02734375 0.033203125
Cars 0.63203125 0.5126953125 0.04921875 0.0595703125
Cars 0.71015625 0.51953125 0.07578125 0.0859375
Cars 0.78203125 0.6279296875 0.11796875 0.1103515625
Bicycles 0.44609375 0.544921875 0.01328125 0.041015625
Cars 0.2265625 0.455078125 0.025 0.017578125
Cars 0.38984375 0.4677734375 0.01640625 0.0224609375
Cars 0.2859375 0.447265625 0.021875 0.021484375
Cars 0.46953125 0.447265625 0.01328125 0.013671875
Cars 0.584375 0.4921875 0.025 0.044921875
