People 0.65625 0.4541015625 0.01875 0.0615234375
Cars 0.59375 0.45703125 0.0484375 0.064453125
Cars 0.53671875 0.4541015625 0.01484375 0.0361328125
Cars 0.5046875 0.4619140625 0.028125 0.0302734375
Cars 0.4640625 0.458984375 0.0265625 0.029296875
Cars 0.428125 0.45703125 0.0265625 0.029296875
Cars 0.35546875 0.4521484375 0.03515625 0.0361328125
Cars 0.28125 0.4560546875 0.0234375 0.0205078125
Cars 0.2375 0.4638671875 0.021875 0.0185546875
Cars 0.1328125 0.478515625 0.01875 0.037109375
Cars 0.075 0.4892578125 0.053125 0.0517578125
Cars 0.16171875 0.474609375 0.01015625 0.029296875
