Cars 0.59609375 0.4619140625 0.03359375 0.0341796875
Cars 0.575 0.4365234375 0.0109375 0.0126953125
Cars 0.54921875 0.42578125 0.01015625 0.01171875
Cars 0.51328125 0.4697265625 0.03671875 0.0380859375
Cars 0.50625 0.4306640625 0.009375 0.0087890625
Cars 0.47421875 0.4404296875 0.01015625 0.0126953125
Cars 0.43828125 0.44921875 0.01171875 0.01953125
Cars 0.41875 0.4560546875 0.0203125 0.0224609375
Cars 0.38046875 0.46484375 0.01796875 0.02734375
Cars 0.3171875 0.5048828125 0.0640625 0.0634765625
