Cars 0.85234375 0.4990234375 0.04765625 0.0439453125
People 0.94765625 0.51953125 0.04921875 0.205078125
People 0.75859375 0.4716796875 0.03203125 0.0927734375
People 0.6171875 0.4755859375 0.0328125 0.0947265625
People 0.553125 0.4775390625 0.0375 0.1044921875
People 0.5 0.474609375 0.028125 0.10546875
People 0.3515625 0.4443359375 0.0109375 0.0283203125
Cars 0.284375 0.45703125 0.0328125 0.033203125
Cars 0.2 0.4501953125 0.021875 0.0283203125
Cars 0.09375 0.453125 0.034375 0.029296875
Cars 0.22578125 0.4453125 0.01015625 0.013671875
