Cars 0.36015625 0.630859375 0.25546875 0.234375
People 0.17265625 0.4580078125 0.01484375 0.0478515625
People 0.1546875 0.5068359375 0.0171875 0.0380859375
People 0.0515625 0.5009765625 0.03125 0.1064453125
People 0.009375 0.4853515625 0.009375 0.0947265625
People 0.7265625 0.466796875 0.028125 0.115234375
People 0.89453125 0.4609375 0.02734375 0.10546875
Cars 0.95859375 0.431640625 0.03671875 0.017578125
People 0.7734375 0.455078125 0.01875 0.052734375
Bicycles 0.7625 0.5068359375 0.028125 0.0322265625
