People 0.89765625 0.45703125 0.02265625 0.0625
People 0.85 0.4169921875 0.0125 0.0263671875
People 0.86328125 0.462890625 0.01328125 0.056640625
People 0.81796875 0.4580078125 0.02265625 0.0576171875
People 0.121875 0.44140625 0.0125 0.041015625
People 0.0875 0.44140625 0.0125 0.0390625
Cars 0.60703125 0.4658203125 0.03515625 0.0400390625
Cars 0.45546875 0.44921875 0.02890625 0.03125
Cars 0.278125 0.443359375 0.03125 0.033203125
Cars 0.2375 0.43359375 0.0234375 0.041015625
Cars 0.1859375 0.4365234375 0.0453125 0.0419921875
Cars 0.36328125 0.548828125 0.13984375 0.08203125
Cars 0.7234375 0.4306640625 0.025 0.0283203125
Cars 0.684375 0.4462890625 0.0421875 0.0224609375
