Bicycles 0.77265625 0.572265625 0.03046875 0.05078125
Bicycles 0.51171875 0.4951171875 0.00703125 0.0263671875
Bicycles 0.46875 0.49609375 0.00625 0.0234375
Bicycles 0.8171875 0.5068359375 0.0125 0.0283203125
Cars 0.7 0.4951171875 0.0421875 0.0576171875
People 0.6296875 0.46875 0.015625 0.041015625
People 0.0171875 0.494140625 0.0171875 0.072265625
People 0.17890625 0.4736328125 0.01171875 0.0341796875
Bicycles 0.2140625 0.5 0.00625 0.0234375
People 0.77421875 0.48828125 0.03046875 0.09765625
Bicycles 0.57578125 0.4873046875 0.01171875 0.0185546875
People 0.65234375 0.4619140625 0.00703125 0.0263671875
People 0.5125 0.4697265625 0.0125 0.0419921875
People 0.46875 0.4736328125 0.0109375 0.0400390625
Cars 0.4296875 0.46484375 0.009375 0.01171875
Bicycles 0.23125 0.5029296875 0.0109375 0.0185546875
