Cars 0.1890625 0.46875 0.05 0.037109375
Cars 0.04609375 0.451171875 0.04609375 0.025390625
Cars 0.2703125 0.49609375 0.0640625 0.060546875
People 0.32578125 0.4423828125 0.01640625 0.0322265625
Cars 0.3734375 0.4736328125 0.0359375 0.0341796875
Cars 0.40078125 0.462890625 0.02578125 0.025390625
Cars 0.4234375 0.4541015625 0.021875 0.0263671875
Cars 0.83359375 0.5087890625 0.06796875 0.0478515625
Cars 0.96015625 0.509765625 0.03046875 0.041015625
People 0.71796875 0.4677734375 0.01640625 0.0380859375
Cars 0.44765625 0.4541015625 0.01328125 0.0166015625
Cars 0.68125 0.470703125 0.0125 0.017578125
Cars 0.675 0.4580078125 0.0203125 0.0205078125
Cars 0.603125 0.4609375 0.021875 0.02734375
Cars 0.5796875 0.453125 0.009375 0.017578125
Cars 0.55703125 0.447265625 0.01015625 0.01171875
Cars 0.4796875 0.4443359375 0.0125 0.0146484375
