Cars 0.61796875 0.4619140625 0.04140625 0.0439453125
Cars 0.56640625 0.44921875 0.02265625 0.03515625
Cars 0.53359375 0.4482421875 0.01796875 0.0205078125
Cars 0.51015625 0.4443359375 0.01328125 0.0126953125
Cars 0.49140625 0.44140625 0.01015625 0.01171875
Cars 0.4671875 0.443359375 0.0109375 0.01171875
Cars 0.44609375 0.44140625 0.00703125 0.009765625
Cars 0.34375 0.4609375 0.0265625 0.037109375
Cars 0.31328125 0.4697265625 0.01328125 0.0419921875
People 0.28359375 0.46875 0.01640625 0.080078125
Cars 0.24609375 0.4736328125 0.02109375 0.0439453125
