Cars 0.92421875 0.494140625 0.07421875 0.06640625
Cars 0.62421875 0.484375 0.03515625 0.048828125
Cars 0.45234375 0.47265625 0.03515625 0.03515625
Cars 0.3265625 0.44921875 0.0296875 0.021484375
Cars 0.29453125 0.494140625 0.04921875 0.03515625
Cars 0.24921875 0.4638671875 0.02265625 0.0263671875
Cars 0.18828125 0.498046875 0.05546875 0.05859375
Cars 0.11875 0.5341796875 0.078125 0.0751953125
Cars 0.0296875 0.5341796875 0.0265625 0.1005859375
People 0.54765625 0.4814453125 0.01796875 0.0498046875
People 0.5796875 0.4921875 0.0203125 0.05859375
People 0.3515625 0.4736328125 0.009375 0.0380859375
People 0.37265625 0.4736328125 0.01015625 0.0361328125
Cars 0.7703125 0.548828125 0.128125 0.119140625
Cars 0.5015625 0.4619140625 0.0125 0.0126953125
Cars 0.52734375 0.46875 0.01328125 0.013671875
Cars 0.38515625 0.4638671875 0.01484375 0.0322265625
Cars 0.40703125 0.4658203125 0.01015625 0.0224609375
