Cars 0.046875 0.5234375 0.046875 0.0625
Cars 0.15859375 0.51171875 0.07734375 0.052734375
Cars 0.3015625 0.5029296875 0.0671875 0.0458984375
Cars 0.4296875 0.48828125 0.0609375 0.033203125
Cars 0.5640625 0.4697265625 0.0265625 0.0263671875
People 0.7015625 0.46484375 0.0125 0.02734375
People 0.734375 0.4560546875 0.0109375 0.0263671875
People 0.753125 0.4599609375 0.0125 0.0224609375
People 0.2921875 0.4501953125 0.0125 0.0166015625
People 0.26171875 0.466796875 0.01171875 0.021484375
People 0.2390625 0.4697265625 0.0125 0.0302734375
Cars 0.38125 0.47265625 0.0328125 0.01953125
People 0.44453125 0.4482421875 0.01015625 0.0126953125
People 0.47265625 0.4541015625 0.01015625 0.0166015625
People 0.4828125 0.4609375 0.009375 0.02734375
People 0.4953125 0.4716796875 0.0109375 0.0341796875
People 0.50859375 0.478515625 0.01171875 0.033203125
People 0.52734375 0.474609375 0.01171875 0.037109375
Cars 0.86484375 0.4638671875 0.01796875 0.0185546875
Cars 0.91015625 0.462890625 0.01640625 0.017578125
Cars 0.934375 0.4599609375 0.015625 0.0185546875
