Bicycles 0.4265625 0.5419921875 0.0578125 0.0419921875
Bicycles 0.30625 0.546875 0.0296875 0.04296875
Cars 0.63046875 0.509765625 0.04296875 0.052734375
Cars 0.70390625 0.5302734375 0.08828125 0.0654296875
Cars 0.84453125 0.5078125 0.07890625 0.05078125
People 0.96875 0.541015625 0.028125 0.091796875
People 0.034375 0.361328125 0.009375 0.015625
People 0.0171875 0.3603515625 0.009375 0.0126953125
Bicycles 0.228125 0.556640625 0.0234375 0.037109375
Bicycles 0.18125 0.5576171875 0.0171875 0.0361328125
