People 0.16875 0.4892578125 0.0109375 0.0302734375
People 0.59765625 0.4765625 0.01484375 0.044921875
People 0.61953125 0.462890625 0.01796875 0.052734375
People 0.68046875 0.46484375 0.01796875 0.0546875
Cars 0.80859375 0.462890625 0.03046875 0.041015625
Cars 0.92578125 0.4287109375 0.07265625 0.0517578125
Cars 0.92265625 0.5087890625 0.07578125 0.0947265625
Cars 0.64453125 0.4462890625 0.01171875 0.0146484375
People 0.5484375 0.4580078125 0.00625 0.0224609375
Cars 0.7265625 0.4560546875 0.01875 0.0302734375
People 0.1265625 0.48828125 0.009375 0.015625
