Cars 0.0875 0.5361328125 0.0859375 0.1044921875
Cars 0.20859375 0.5244140625 0.05234375 0.0654296875
Cars 0.25390625 0.498046875 0.04140625 0.056640625
Cars 0.33046875 0.4921875 0.03671875 0.03125
Cars 0.35390625 0.4599609375 0.02578125 0.0263671875
Cars 0.4765625 0.474609375 0.03125 0.029296875
Cars 0.621875 0.482421875 0.0296875 0.041015625
Cars 0.87421875 0.494140625 0.07109375 0.0625
Cars 0.928125 0.53515625 0.0328125 0.048828125
People 0.38125 0.4775390625 0.0125 0.0361328125
People 0.4015625 0.4697265625 0.0109375 0.0380859375
People 0.5578125 0.4794921875 0.015625 0.0458984375
People 0.59140625 0.5009765625 0.01796875 0.0517578125
Cars 0.72265625 0.5283203125 0.09296875 0.0908203125
Cars 0.5140625 0.46875 0.0109375 0.01171875
Cars 0.5375 0.4716796875 0.0140625 0.0126953125
Cars 0.42578125 0.470703125 0.01328125 0.021484375
