People 0.0234375 0.521484375 0.021875 0.07421875
People 0.04453125 0.4970703125 0.01484375 0.0517578125
People 0.0765625 0.513671875 0.01875 0.06640625
People 0.3875 0.544921875 0.025 0.1015625
People 0.61875 0.5576171875 0.0375 0.1005859375
Cars 0.31328125 0.4892578125 0.04296875 0.0419921875
Cars 0.58359375 0.4697265625 0.02578125 0.0361328125
Cars 0.45234375 0.4501953125 0.01484375 0.0166015625
Cars 0.41484375 0.4609375 0.01171875 0.017578125
Cars 0.6140625 0.4462890625 0.0234375 0.0283203125
Cars 0.5546875 0.466796875 0.0125 0.025390625
Cars 0.53515625 0.453125 0.01171875 0.013671875
Bicycles 0.38515625 0.6103515625 0.01796875 0.0595703125
