People 0.1671875 0.5107421875 0.0140625 0.0380859375
People 0.13203125 0.513671875 0.01171875 0.04296875
Cars 0.87734375 0.712890625 0.12109375 0.255859375
Cars 0.55078125 0.521484375 0.03515625 0.033203125
Cars 0.3703125 0.515625 0.015625 0.015625
Cars 0.47734375 0.509765625 0.01015625 0.01171875
Cars 0.50078125 0.5107421875 0.01171875 0.0126953125
Cars 0.62578125 0.517578125 0.02265625 0.0234375
Cars 0.67578125 0.5234375 0.02421875 0.02734375
Cars 0.43046875 0.4951171875 0.03671875 0.0537109375
