People 0.2265625 0.4091796875 0.0140625 0.0400390625
People 0.2640625 0.392578125 0.0140625 0.03125
Cars 0.29921875 0.4287109375 0.04765625 0.0439453125
Cars 0.17890625 0.4140625 0.03828125 0.03125
Cars 0.36015625 0.41015625 0.02109375 0.015625
Cars 0.4640625 0.431640625 0.0203125 0.033203125
People 0.49375 0.4912109375 0.0421875 0.1220703125
People 0.57421875 0.49609375 0.02421875 0.115234375
People 0.63359375 0.515625 0.04921875 0.1328125
People 0.7109375 0.5087890625 0.040625 0.1259765625
People 0.84375 0.51171875 0.0515625 0.140625
People 0.9015625 0.509765625 0.0265625 0.12890625
People 0.95390625 0.505859375 0.03671875 0.119140625
People 0.98515625 0.474609375 0.01328125 0.08984375
Cars 0.4515625 0.4130859375 0.0296875 0.0322265625
Cars 0.4234375 0.404296875 0.0140625 0.0234375
People 0.39765625 0.4091796875 0.00703125 0.0185546875
