Cars 0.14296875 0.4228515625 0.07890625 0.0478515625
Cars 0.61640625 0.4326171875 0.02578125 0.0185546875
Cars 0.884375 0.4287109375 0.0359375 0.0380859375
People 0.04296875 0.451171875 0.03359375 0.056640625
Bicycles 0.02109375 0.5029296875 0.02109375 0.0283203125
Bicycles 0.0671875 0.5029296875 0.01875 0.0283203125
Bicycles 0.1515625 0.4951171875 0.0328125 0.0302734375
People 0.15 0.451171875 0.025 0.052734375
People 0.24765625 0.4384765625 0.01640625 0.0263671875
People 0.284375 0.4267578125 0.01875 0.0341796875
People 0.36796875 0.4365234375 0.01171875 0.0576171875
People 0.34765625 0.431640625 0.01015625 0.0234375
People 0.4203125 0.4248046875 0.0203125 0.0341796875
People 0.45703125 0.4365234375 0.01171875 0.0361328125
People 0.4921875 0.4404296875 0.0171875 0.0361328125
People 0.53046875 0.43359375 0.01640625 0.04296875
Bicycles 0.3484375 0.4716796875 0.01875 0.0224609375
Bicycles 0.421875 0.4619140625 0.0140625 0.0205078125
Bicycles 0.49140625 0.458984375 0.01484375 0.017578125
Bicycles 0.51875 0.4580078125 0.0109375 0.0224609375
