People 0.06796875 0.5 0.01328125 0.029296875
People 0.0890625 0.5107421875 0.0140625 0.0478515625
People 0.6828125 0.53515625 0.0234375 0.056640625
People 0.8203125 0.49609375 0.015625 0.041015625
People 0.84453125 0.50390625 0.01484375 0.037109375
People 0.925 0.4931640625 0.0125 0.0263671875
People 0.9484375 0.5009765625 0.015625 0.0224609375
Cars 0.54375 0.66015625 0.16875 0.169921875
Cars 0.3921875 0.5009765625 0.028125 0.0302734375
People 0.671875 0.4921875 0.0078125 0.01953125
People 0.44765625 0.501953125 0.01640625 0.025390625
People 0.25390625 0.5048828125 0.00703125 0.0302734375
People 0.26484375 0.50390625 0.00703125 0.03515625
People 0.328125 0.4833984375 0.0078125 0.0126953125
People 0.634375 0.4892578125 0.009375 0.0166015625
