Bicycles 0.70625 0.60546875 0.0234375 0.09375
Bicycles 0.65859375 0.61328125 0.01640625 0.0546875
People 0.71875 0.513671875 0.059375 0.150390625
People 0.89140625 0.4736328125 0.02109375 0.0791015625
People 0.9796875 0.46484375 0.0171875 0.083984375
Cars 0.35234375 0.6220703125 0.25234375 0.2353515625
Cars 0.840625 0.453125 0.03125 0.03515625
People 0.54453125 0.4599609375 0.01171875 0.0283203125
People 0.0109375 0.4658203125 0.0109375 0.0205078125
Cars 0.77421875 0.4697265625 0.01796875 0.0283203125
People 0.925 0.4736328125 0.0234375 0.0791015625
