Cars 0.54375 0.5673828125 0.140625 0.1142578125
Bicycles 0.19609375 0.5517578125 0.01484375 0.0361328125
People 0.98203125 0.505859375 0.01640625 0.08203125
People 0.94375 0.482421875 0.015625 0.052734375
People 0.9171875 0.4794921875 0.0125 0.0556640625
Dogs 0.8953125 0.515625 0.0109375 0.013671875
People 0.14765625 0.4765625 0.01171875 0.03125
People 0.10234375 0.4765625 0.01171875 0.037109375
People 0.13203125 0.4755859375 0.01015625 0.0302734375
Cars 0.4140625 0.4677734375 0.009375 0.0126953125
Cars 0.403125 0.470703125 0.009375 0.013671875
Cars 0.38671875 0.4736328125 0.01015625 0.0146484375
People 0.2640625 0.4970703125 0.0109375 0.0205078125
People 0.196875 0.4765625 0.015625 0.033203125
People 0.08125 0.48046875 0.0125 0.04296875
People 0.0625 0.4775390625 0.009375 0.0419921875
People 0.0375 0.4814453125 0.0125 0.0380859375
People 0.2171875 0.470703125 0.0078125 0.025390625
People 0.009375 0.455078125 0.009375 0.017578125
