Cars 0.17265625 0.4736328125 0.04140625 0.0673828125
Cars 0.0609375 0.474609375 0.059375 0.076171875
Cars 0.48984375 0.498046875 0.05078125 0.044921875
Cars 0.54765625 0.4970703125 0.02265625 0.0322265625
Cars 0.57265625 0.49609375 0.02578125 0.029296875
Cars 0.61796875 0.4921875 0.02421875 0.025390625
Cars 0.81328125 0.505859375 0.03515625 0.037109375
People 0.76875 0.501953125 0.0203125 0.052734375
People 0.72734375 0.4912109375 0.01484375 0.0439453125
Cars 0.66484375 0.490234375 0.01640625 0.015625
Cars 0.6390625 0.4921875 0.0109375 0.01953125
