Cars 0.321875 0.4658203125 0.05625 0.0322265625
People 0.7078125 0.4677734375 0.0125 0.0439453125
People 0.5890625 0.45703125 0.0109375 0.033203125
People 0.58046875 0.486328125 0.02109375 0.060546875
People 0.51484375 0.634765625 0.07421875 0.283203125
People 0.47265625 0.4501953125 0.00703125 0.0185546875
People 0.459375 0.4521484375 0.00625 0.0205078125
People 0.08046875 0.4384765625 0.01015625 0.0146484375
People 0.0625 0.4404296875 0.0109375 0.0146484375
People 0.03984375 0.439453125 0.01328125 0.015625
People 0.8546875 0.443359375 0.0140625 0.021484375
People 0.98203125 0.453125 0.01171875 0.025390625
