Cars 0.91953125 0.6240234375 0.07890625 0.1142578125
Cars 0.61796875 0.47265625 0.01796875 0.01953125
Cars 0.59765625 0.46484375 0.01328125 0.01953125
Cars 0.53671875 0.45703125 0.01796875 0.021484375
People 0.92734375 0.4892578125 0.01328125 0.0322265625
People 0.875 0.4814453125 0.0109375 0.0478515625
People 0.43203125 0.4560546875 0.01328125 0.0224609375
People 0.38046875 0.4560546875 0.01171875 0.0302734375
People 0.11953125 0.43359375 0.01171875 0.02734375
People 0.1421875 0.431640625 0.015625 0.021484375
People 0.27265625 0.451171875 0.01015625 0.025390625
People 0.303125 0.4501953125 0.009375 0.0205078125
People 0.31953125 0.4453125 0.01171875 0.01171875
People 0.46015625 0.4521484375 0.00703125 0.0146484375
People 0.7078125 0.46484375 0.009375 0.0234375
Cars 0.5796875 0.4541015625 0.009375 0.0126953125
