People 0.8859375 0.478515625 0.0265625 0.07421875
People 0.76484375 0.4755859375 0.03359375 0.0732421875
Cars 0.71875 0.4658203125 0.0265625 0.0498046875
Cars 0.6546875 0.46484375 0.0140625 0.041015625
People 0.678125 0.4765625 0.0296875 0.064453125
People 0.2640625 0.45703125 0.0125 0.03515625
People 0.01171875 0.44140625 0.01171875 0.072265625
Cars 0.34140625 0.462890625 0.02265625 0.037109375
Cars 0.634375 0.4609375 0.0203125 0.033203125
Cars 0.36796875 0.4609375 0.01484375 0.03515625
Cars 0.39140625 0.4609375 0.01171875 0.0234375
Cars 0.29296875 0.466796875 0.01796875 0.03515625
Cars 0.5640625 0.453125 0.0296875 0.03515625
Cars 0.59375 0.4658203125 0.0234375 0.0302734375
Cars 0.4859375 0.4599609375 0.01875 0.0205078125
