Cars 0.35625 0.5029296875 0.078125 0.0751953125
Cars 0.18203125 0.4853515625 0.07265625 0.0673828125
Bicycles 0.79296875 0.56640625 0.02890625 0.0625
Bicycles 0.63046875 0.525390625 0.03359375 0.046875
People 0.63671875 0.4736328125 0.02734375 0.0751953125
People 0.78359375 0.4794921875 0.02890625 0.1005859375
People 0.86953125 0.470703125 0.02109375 0.076171875
People 0.90703125 0.4853515625 0.02421875 0.0849609375
Cars 0.08125 0.4892578125 0.0265625 0.0263671875
Cars 0.03671875 0.49609375 0.03671875 0.03125
People 0.565625 0.4755859375 0.0109375 0.0224609375
People 0.5421875 0.482421875 0.009375 0.029296875
People 0.5296875 0.4814453125 0.0109375 0.0283203125
People 0.98359375 0.4921875 0.01484375 0.08984375
