People 0.4328125 0.4453125 0.0140625 0.033203125
People 0.490625 0.4482421875 0.0109375 0.0322265625
Cars 0.603125 0.4853515625 0.053125 0.0537109375
Cars 0.51875 0.4609375 0.0171875 0.025390625
Cars 0.32734375 0.453125 0.01796875 0.02734375
Cars 0.34921875 0.4482421875 0.01484375 0.0205078125
Cars 0.296875 0.4638671875 0.034375 0.0322265625
Cars 0.565625 0.4658203125 0.025 0.0419921875
Cars 0.37578125 0.435546875 0.01171875 0.017578125
Cars 0.3875 0.4306640625 0.0109375 0.0146484375
Cars 0.47578125 0.4384765625 0.01015625 0.0146484375
Bicycles 0.4890625 0.47265625 0.0109375 0.01953125
Bicycles 0.4328125 0.4638671875 0.0109375 0.0185546875
