Bicycles 0.7265625 0.6630859375 0.0390625 0.1142578125
Bicycles 0.5953125 0.5341796875 0.015625 0.0595703125
Bicycles 0.34375 0.5595703125 0.0125 0.0693359375
Bicycles 0.44296875 0.546875 0.02265625 0.05859375
Bicycles 0.47890625 0.5205078125 0.01484375 0.0302734375
People 0.1609375 0.4453125 0.0109375 0.021484375
Cars 0.2546875 0.4736328125 0.0390625 0.0361328125
Bicycles 0.1578125 0.48828125 0.0125 0.0234375
Bicycles 0.84296875 0.5380859375 0.03359375 0.0888671875
People 0.2921875 0.453125 0.009375 0.02734375
People 0.8875 0.4228515625 0.015625 0.0146484375
People 0.8625 0.423828125 0.0109375 0.013671875
Bicycles 0.79375 0.5087890625 0.015625 0.0537109375
People 0.72734375 0.48046875 0.04921875 0.18359375
People 0.59453125 0.4716796875 0.02421875 0.1064453125
People 0.48203125 0.4423828125 0.01796875 0.0380859375
People 0.4453125 0.4755859375 0.0265625 0.0986328125
People 0.34609375 0.4833984375 0.02890625 0.1064453125
Cars 0.13671875 0.4541015625 0.01484375 0.0263671875
Cars 0.3953125 0.451171875 0.00625 0.009765625
People 0.4140625 0.462890625 0.00625 0.029296875
