Bicycles 0.89921875 0.5810546875 0.04609375 0.0693359375
Bicycles 0.98359375 0.5498046875 0.01484375 0.0693359375
Bicycles 0.58671875 0.5703125 0.03359375 0.0625
Bicycles 0.5 0.5732421875 0.0375 0.0576171875
Bicycles 0.44140625 0.541015625 0.03828125 0.064453125
Bicycles 0.3765625 0.5595703125 0.0234375 0.0361328125
Bicycles 0.23515625 0.5361328125 0.01328125 0.0439453125
Bicycles 0.12578125 0.5283203125 0.01171875 0.0361328125
People 0.940625 0.4892578125 0.05 0.1162109375
People 0.5296875 0.501953125 0.0484375 0.09765625
People 0.409375 0.474609375 0.040625 0.1015625
People 0.23203125 0.4912109375 0.02578125 0.0576171875
People 0.12578125 0.48828125 0.01796875 0.05859375
Cars 0.56640625 0.4775390625 0.02109375 0.0361328125
Cars 0.3046875 0.484375 0.0390625 0.03515625
Cars 0.34375 0.4677734375 0.0203125 0.0302734375
Cars 0.17734375 0.4765625 0.03828125 0.04296875
Cars 0.04296875 0.501953125 0.04296875 0.05859375
