People 0.17421875 0.572265625 0.03046875 0.109375
Bicycles 0.66484375 0.5380859375 0.04921875 0.0361328125
Cars 0.06640625 0.611328125 0.06640625 0.130859375
Cars 0.2375 0.5341796875 0.05 0.0556640625
Cars 0.28828125 0.517578125 0.02890625 0.041015625
Cars 0.33359375 0.50390625 0.02734375 0.025390625
Cars 0.38359375 0.46875 0.02421875 0.025390625
Cars 0.6109375 0.49609375 0.034375 0.02734375
Cars 0.91171875 0.5107421875 0.06640625 0.0439453125
Cars 0.58125 0.4755859375 0.0296875 0.0263671875
Cars 0.69140625 0.4609375 0.02265625 0.017578125
Cars 0.71875 0.4912109375 0.0234375 0.0322265625
Cars 0.41171875 0.462890625 0.01328125 0.017578125
