Cars 0.25703125 0.515625 0.04296875 0.046875
Cars 0.36171875 0.48828125 0.03515625 0.03125
Cars 0.41171875 0.46484375 0.02265625 0.0234375
Cars 0.48203125 0.455078125 0.02421875 0.017578125
Cars 0.66640625 0.513671875 0.05234375 0.0703125
Cars 0.7765625 0.56640625 0.0375 0.078125
Cars 0.68515625 0.5546875 0.02578125 0.0703125
People 0.72734375 0.5966796875 0.03984375 0.1376953125
People 0.30234375 0.6220703125 0.04921875 0.1318359375
Bicycles 0.2984375 0.7177734375 0.021875 0.0751953125
Cars 0.2265625 0.4990234375 0.059375 0.0361328125
Cars 0.434375 0.4599609375 0.0140625 0.0205078125
Cars 0.4390625 0.45703125 0.01875 0.0234375
Cars 0.57578125 0.4638671875 0.01171875 0.0224609375
Cars 0.603125 0.48046875 0.03125 0.033203125
Cars 0.81171875 0.498046875 0.06171875 0.041015625
Cars 0.96015625 0.49609375 0.03828125 0.04296875
Cars 0.9375 0.466796875 0.0578125 0.03515625
Cars 0.7890625 0.4404296875 0.0234375 0.0146484375
