Cars 0.0890625 0.6083984375 0.0875 0.1142578125
Cars 0.2140625 0.55859375 0.0625 0.060546875
Cars 0.26796875 0.521484375 0.05234375 0.046875
Cars 0.3390625 0.4951171875 0.034375 0.0341796875
Cars 0.3828125 0.4697265625 0.0171875 0.0205078125
Cars 0.41796875 0.45703125 0.01796875 0.017578125
Cars 0.5875 0.46875 0.0234375 0.025390625
Cars 0.67578125 0.51171875 0.07265625 0.0703125
Cars 0.809375 0.61328125 0.125 0.1015625
Cars 0.840625 0.46875 0.03125 0.029296875
Cars 0.81171875 0.462890625 0.02734375 0.0234375
Cars 0.77734375 0.4619140625 0.02265625 0.0283203125
Cars 0.440625 0.4453125 0.015625 0.01953125
Cars 0.5609375 0.451171875 0.015625 0.021484375
People 0.98125 0.599609375 0.0171875 0.083984375
