Cars 0.7328125 0.546875 0.0859375 0.076171875
Cars 0.65234375 0.521484375 0.03515625 0.048828125
Cars 0.61328125 0.4814453125 0.03046875 0.0380859375
Cars 0.9203125 0.69921875 0.0765625 0.16015625
Cars 0.55390625 0.4619140625 0.01484375 0.0166015625
Cars 0.371875 0.474609375 0.0328125 0.02734375
Cars 0.25078125 0.4765625 0.05859375 0.033203125
Cars 0.4328125 0.462890625 0.0171875 0.017578125
Bicycles 0.221875 0.4873046875 0.025 0.0283203125
Cars 0.4015625 0.4697265625 0.0125 0.0224609375
People 0.4703125 0.4560546875 0.00625 0.0146484375
People 0.51875 0.4580078125 0.00625 0.0146484375
People 0.52890625 0.4580078125 0.00546875 0.0185546875
Cars 0.57890625 0.4755859375 0.01640625 0.0302734375
