Bicycles 0.0828125 0.509765625 0.0375 0.048828125
Bicycles 0.15078125 0.525390625 0.03046875 0.05859375
People 0.3015625 0.474609375 0.0125 0.05078125
People 0.4109375 0.4619140625 0.0109375 0.0263671875
Cars 0.7234375 0.515625 0.0265625 0.048828125
Cars 0.790625 0.541015625 0.0828125 0.076171875
People 0.4609375 0.45703125 0.0078125 0.017578125
People 0.45078125 0.462890625 0.00859375 0.025390625
People 0.503125 0.458984375 0.00625 0.021484375
Bicycles 0.26171875 0.5029296875 0.02265625 0.0458984375
Cars 0.71015625 0.4912109375 0.03671875 0.0419921875
Cars 0.6671875 0.47265625 0.0234375 0.0234375
People 0.428125 0.4697265625 0.009375 0.0263671875
