Bicycles 0.48671875 0.51171875 0.01171875 0.03125
Cars 0.078125 0.513671875 0.078125 0.072265625
Cars 0.18203125 0.4951171875 0.04765625 0.0458984375
Cars 0.2390625 0.4833984375 0.034375 0.0439453125
Cars 0.2953125 0.4765625 0.028125 0.02734375
Cars 0.94453125 0.548828125 0.05390625 0.099609375
Cars 0.84296875 0.5146484375 0.10546875 0.0810546875
Cars 0.31328125 0.4697265625 0.02890625 0.0283203125
Cars 0.69609375 0.4951171875 0.06015625 0.0517578125
Cars 0.6359375 0.48046875 0.03125 0.0390625
Cars 0.5984375 0.482421875 0.015625 0.033203125
Cars 0.578125 0.4736328125 0.0203125 0.0263671875
Cars 0.371875 0.462890625 0.009375 0.017578125
Cars 0.546875 0.46875 0.0125 0.025390625
Cars 0.52734375 0.4619140625 0.01328125 0.0185546875
People 0.48515625 0.4482421875 0.01484375 0.0341796875
Cars 0.42421875 0.45703125 0.01015625 0.013671875
Cars 0.40859375 0.458984375 0.01015625 0.013671875
Cars 0.3890625 0.4580078125 0.0109375 0.0146484375
Cars 0.35546875 0.46484375 0.01171875 0.021484375
