Bicycles 0.375 0.57421875 0.034375 0.080078125
Bicycles 0.30234375 0.5810546875 0.02421875 0.0478515625
Cars 0.45859375 0.46875 0.06328125 0.072265625
Cars 0.55859375 0.466796875 0.04296875 0.0390625
People 0.3453125 0.48828125 0.05625 0.15625
Bicycles 0.071875 0.5263671875 0.0671875 0.0517578125
People 0.86484375 0.4921875 0.04609375 0.083984375
People 0.97734375 0.447265625 0.02109375 0.03515625
People 0.934375 0.45703125 0.025 0.033203125
People 0.73671875 0.4794921875 0.03515625 0.0654296875
People 0.6921875 0.458984375 0.0125 0.048828125
People 0.66953125 0.486328125 0.01171875 0.025390625
People 0.65546875 0.45703125 0.01328125 0.052734375
