Bicycles 0.9125 0.7529296875 0.0390625 0.1005859375
Bicycles 0.84296875 0.712890625 0.01796875 0.076171875
People 0.88046875 0.6337890625 0.06328125 0.1552734375
People 0.7171875 0.490234375 0.01875 0.0546875
People 0.6875 0.4951171875 0.0125 0.0498046875
People 0.36484375 0.4755859375 0.01171875 0.0283203125
Cars 0.4234375 0.4775390625 0.0390625 0.0224609375
Cars 0.46484375 0.505859375 0.05234375 0.037109375
Cars 0.5578125 0.529296875 0.0734375 0.06640625
Cars 0.94921875 0.67578125 0.04765625 0.12109375
Cars 0.0984375 0.46875 0.0359375 0.025390625
Cars 0.04375 0.4658203125 0.025 0.0224609375
Cars 0.01328125 0.4677734375 0.01328125 0.0224609375
Cars 0.66015625 0.48046875 0.02109375 0.01953125
