Bicycles 0.71953125 0.5576171875 0.02265625 0.0732421875
Bicycles 0.67109375 0.5673828125 0.01640625 0.0517578125
Bicycles 0.5703125 0.53515625 0.0140625 0.0390625
Bicycles 0.53359375 0.5556640625 0.01796875 0.0537109375
Bicycles 0.41328125 0.48046875 0.01328125 0.04296875
People 0.6875 0.4765625 0.0453125 0.12109375
People 0.5640625 0.4453125 0.025 0.060546875
People 0.5328125 0.48828125 0.034375 0.1015625
People 0.415625 0.4345703125 0.021875 0.0634765625
People 0.36171875 0.4375 0.01484375 0.037109375
People 0.3359375 0.427734375 0.0140625 0.041015625
Bicycles 0.36171875 0.4755859375 0.01171875 0.0205078125
Bicycles 0.334375 0.4716796875 0.009375 0.0224609375
Cars 0.07109375 0.4375 0.05234375 0.0546875
