People 0.95859375 0.494140625 0.02109375 0.0625
Cars 0.79453125 0.486328125 0.03515625 0.029296875
Cars 0.79375 0.4521484375 0.034375 0.0185546875
People 0.7296875 0.48046875 0.009375 0.037109375
People 0.69453125 0.4755859375 0.01015625 0.0302734375
People 0.675 0.4775390625 0.0109375 0.0322265625
People 0.65625 0.4765625 0.0109375 0.03125
Cars 0.58515625 0.4873046875 0.02890625 0.0283203125
Cars 0.54296875 0.4775390625 0.01640625 0.0166015625
Cars 0.45625 0.4697265625 0.025 0.0166015625
Cars 0.3875 0.47265625 0.0234375 0.02734375
Cars 0.27890625 0.4755859375 0.03515625 0.0341796875
People 0.2 0.474609375 0.00625 0.017578125
People 0.18359375 0.4697265625 0.00859375 0.0205078125
People 0.1609375 0.4716796875 0.009375 0.0185546875
People 0.12578125 0.482421875 0.01015625 0.029296875
Cars 0.0640625 0.48828125 0.0546875 0.04296875
Cars 0.35859375 0.46484375 0.01015625 0.015625
