People 0.43828125 0.51171875 0.02578125 0.076171875
People 0.5734375 0.525390625 0.025 0.0703125
People 0.334375 0.451171875 0.009375 0.0234375
People 0.31953125 0.455078125 0.01015625 0.03125
Cars 0.91953125 0.728515625 0.07578125 0.1484375
Cars 0.81328125 0.6044921875 0.13046875 0.0986328125
Cars 0.6765625 0.53515625 0.0640625 0.06640625
Cars 0.29140625 0.505859375 0.03671875 0.046875
Cars 0.24296875 0.5302734375 0.05078125 0.0615234375
Cars 0.18359375 0.564453125 0.07734375 0.087890625
Cars 0.07734375 0.6328125 0.07734375 0.126953125
People 0.30703125 0.453125 0.01015625 0.029296875
Cars 0.47578125 0.4560546875 0.01328125 0.0166015625
People 0.378125 0.4609375 0.009375 0.0234375
Cars 0.39375 0.4580078125 0.0125 0.0205078125
Cars 0.5484375 0.4638671875 0.0203125 0.0224609375
Cars 0.85625 0.47265625 0.03125 0.0234375
Cars 0.93046875 0.48046875 0.05390625 0.033203125
Bicycles 0.434375 0.55859375 0.0140625 0.048828125
