Cars 0.375 0.4560546875 0.0109375 0.0322265625
Cars 0.3296875 0.4716796875 0.034375 0.0380859375
Cars 0.62578125 0.474609375 0.01796875 0.02734375
Cars 0.69296875 0.46875 0.05234375 0.0546875
Cars 0.940625 0.515625 0.0578125 0.060546875
People 0.01875 0.4375 0.0109375 0.05859375
People 0.25625 0.44921875 0.015625 0.033203125
People 0.48828125 0.5341796875 0.07578125 0.2158203125
People 0.84375 0.482421875 0.0140625 0.0703125
People 0.81640625 0.4892578125 0.01796875 0.0654296875
Cars 0.59375 0.4638671875 0.021875 0.0283203125
Cars 0.5640625 0.4521484375 0.0328125 0.0341796875
