Cars 0.48125 0.51953125 0.034375 0.0390625
People 0.58203125 0.5146484375 0.01171875 0.0419921875
People 0.68125 0.509765625 0.0109375 0.041015625
People 0.6984375 0.486328125 0.0140625 0.0234375
People 0.77734375 0.50390625 0.02109375 0.056640625
People 0.79375 0.5546875 0.028125 0.087890625
People 0.83828125 0.5234375 0.03046875 0.064453125
People 0.9625 0.5341796875 0.0203125 0.0966796875
Bicycles 0.9765625 0.6728515625 0.021875 0.0556640625
People 0.12734375 0.486328125 0.01171875 0.02734375
People 0.04375 0.474609375 0.0125 0.017578125
