People 0.9765625 0.673828125 0.0203125 0.103515625
People 0.915625 0.6103515625 0.034375 0.1552734375
Cars 0.83046875 0.5712890625 0.16796875 0.1396484375
Cars 0.6734375 0.5087890625 0.0859375 0.0966796875
Cars 0.590625 0.4853515625 0.040625 0.0615234375
Cars 0.50703125 0.46875 0.02421875 0.033203125
Cars 0.4671875 0.47265625 0.0296875 0.029296875
Cars 0.3953125 0.4765625 0.0109375 0.013671875
Cars 0.3671875 0.4736328125 0.0203125 0.0146484375
Cars 0.296875 0.484375 0.0203125 0.02734375
Cars 0.065625 0.5029296875 0.0484375 0.0751953125
Cars 0.159375 0.5166015625 0.128125 0.1083984375
