People 0.021875 0.45703125 0.0140625 0.05078125
People 0.07421875 0.4521484375 0.01796875 0.0517578125
People 0.1125 0.458984375 0.0140625 0.052734375
People 0.171875 0.4697265625 0.0171875 0.0458984375
People 0.20390625 0.4697265625 0.01171875 0.0458984375
People 0.25703125 0.46875 0.01796875 0.041015625
People 0.2921875 0.4580078125 0.0140625 0.0439453125
People 0.59375 0.4638671875 0.0171875 0.0595703125
People 0.7078125 0.4521484375 0.01875 0.0517578125
People 0.86328125 0.453125 0.01640625 0.048828125
