People 0.09296875 0.470703125 0.01171875 0.037109375
People 0.07734375 0.470703125 0.01328125 0.0390625
People 0.18125 0.505859375 0.04375 0.099609375
Cars 0.24453125 0.470703125 0.02734375 0.029296875
Cars 0.50390625 0.462890625 0.02265625 0.025390625
Cars 0.6203125 0.455078125 0.0671875 0.060546875
Cars 0.7703125 0.447265625 0.0578125 0.0546875
People 0.4765625 0.466796875 0.0140625 0.0390625
People 0.4203125 0.4697265625 0.0171875 0.0361328125
People 0.35703125 0.46875 0.01484375 0.0390625
People 0.33203125 0.470703125 0.01015625 0.041015625
People 0.31328125 0.46875 0.01328125 0.044921875
