People 0.87578125 0.5126953125 0.01640625 0.0693359375
People 0.82578125 0.5234375 0.01015625 0.017578125
People 0.7078125 0.4501953125 0.009375 0.0185546875
Cars 0.60078125 0.44921875 0.02890625 0.0234375
Cars 0.56484375 0.435546875 0.01171875 0.01953125
Cars 0.534375 0.42578125 0.009375 0.017578125
Cars 0.5171875 0.427734375 0.009375 0.013671875
Cars 0.475 0.431640625 0.0078125 0.0078125
Cars 0.55625 0.423828125 0.0140625 0.025390625
Cars 0.4546875 0.4287109375 0.0125 0.0146484375
Cars 0.43046875 0.4287109375 0.00703125 0.0126953125
Cars 0.40703125 0.427734375 0.01640625 0.01953125
People 0.37734375 0.443359375 0.01171875 0.044921875
People 0.35625 0.4541015625 0.0140625 0.0458984375
Cars 0.3234375 0.451171875 0.01875 0.041015625
People 0.275 0.4736328125 0.028125 0.0927734375
Bicycles 0.271875 0.52734375 0.0796875 0.0625
