Cars 0.2640625 0.546875 0.08125 0.072265625
Cars 0.4109375 0.4931640625 0.0203125 0.0185546875
Cars 0.5 0.5439453125 0.059375 0.0595703125
People 0.76875 0.51171875 0.0109375 0.033203125
People 0.7296875 0.5078125 0.0109375 0.03515625
People 0.70234375 0.5068359375 0.01015625 0.0302734375
People 0.68046875 0.5078125 0.01015625 0.029296875
People 0.65859375 0.5068359375 0.01171875 0.0322265625
People 0.5890625 0.5048828125 0.015625 0.0380859375
People 0.18359375 0.501953125 0.01328125 0.03515625
People 0.15859375 0.4921875 0.01015625 0.037109375
People 0.14453125 0.4951171875 0.01171875 0.0361328125
