Cars 0.20078125 0.51171875 0.07578125 0.052734375
Cars 0.315625 0.48828125 0.040625 0.03515625
Cars 0.38671875 0.4736328125 0.04140625 0.0380859375
Cars 0.6 0.490234375 0.021875 0.033203125
Cars 0.6515625 0.513671875 0.0484375 0.05078125
Cars 0.84921875 0.62109375 0.14140625 0.134765625
Cars 0.93671875 0.763671875 0.06015625 0.166015625
People 0.53046875 0.4638671875 0.00859375 0.0185546875
People 0.47109375 0.462890625 0.00703125 0.017578125
People 0.4390625 0.455078125 0.009375 0.015625
Cars 0.58203125 0.470703125 0.02265625 0.0234375
Cars 0.65625 0.451171875 0.0234375 0.013671875
Cars 0.74609375 0.48046875 0.03671875 0.03125
People 0.4609375 0.4619140625 0.009375 0.0185546875
