Cars 0.89453125 0.4921875 0.07265625 0.037109375
Cars 0.8171875 0.5439453125 0.040625 0.0595703125
Cars 0.7109375 0.5234375 0.0328125 0.05078125
People 0.746875 0.55859375 0.0296875 0.08203125
People 0.6640625 0.517578125 0.0140625 0.056640625
Bicycles 0.7484375 0.630859375 0.0203125 0.052734375
People 0.04140625 0.5048828125 0.02109375 0.0595703125
People 0.190625 0.470703125 0.009375 0.03125
People 0.2046875 0.46875 0.009375 0.03125
Cars 0.61015625 0.4853515625 0.03359375 0.0283203125
Cars 0.5140625 0.4658203125 0.0265625 0.0224609375
Cars 0.46796875 0.4638671875 0.02265625 0.0224609375
Cars 0.42734375 0.4580078125 0.02421875 0.0205078125
People 0.55625 0.45703125 0.009375 0.025390625
Cars 0.02109375 0.4736328125 0.02109375 0.0283203125
Cars 0.33828125 0.4482421875 0.01796875 0.0166015625
People 0.3734375 0.451171875 0.00625 0.015625
People 0.3640625 0.453125 0.0046875 0.017578125
Bicycles 0.66875 0.546875 0.0109375 0.03515625
