People 0.5296875 0.482421875 0.0421875 0.13671875
People 0.6546875 0.4873046875 0.0109375 0.0283203125
People 0.63125 0.4599609375 0.0140625 0.0517578125
People 0.69296875 0.505859375 0.02890625 0.07421875
People 0.76953125 0.484375 0.04453125 0.064453125
People 0.9 0.4755859375 0.0359375 0.0458984375
People 0.9609375 0.4599609375 0.03125 0.0986328125
Bicycles 0.075 0.533203125 0.0125 0.03515625
Bicycles 0.1421875 0.517578125 0.0296875 0.041015625
Bicycles 0.565625 0.55859375 0.0484375 0.078125
Bicycles 0.4546875 0.5478515625 0.0484375 0.0791015625
Cars 0.43515625 0.47265625 0.06484375 0.080078125
Cars 0.32890625 0.4541015625 0.02421875 0.0263671875
Cars 0.1734375 0.4453125 0.04375 0.01953125
Bicycles 0.89921875 0.56640625 0.04609375 0.0546875
People 0.8609375 0.447265625 0.021875 0.03125
People 0.83203125 0.4638671875 0.01640625 0.0341796875
