Cars 0.94140625 0.466796875 0.05703125 0.048828125
Cars 0.97109375 0.4970703125 0.02734375 0.0263671875
Cars 0.17734375 0.4951171875 0.02109375 0.0205078125
Bicycles 0.6953125 0.4951171875 0.025 0.0205078125
People 0.69453125 0.4716796875 0.01640625 0.0283203125
Cars 0.32265625 0.4833984375 0.03046875 0.0302734375
Cars 0.3703125 0.4814453125 0.0234375 0.0244140625
People 0.403125 0.47265625 0.00625 0.017578125
Cars 0.02734375 0.498046875 0.02734375 0.01953125
Cars 0.2875 0.4833984375 0.0109375 0.0146484375
Cars 0.25625 0.478515625 0.01875 0.01953125
