People 0.528125 0.4912109375 0.009375 0.0341796875
Cars 0.6671875 0.505859375 0.0859375 0.07421875
Cars 0.44765625 0.48828125 0.02109375 0.0234375
Cars 0.41015625 0.4853515625 0.01484375 0.0166015625
Cars 0.378125 0.490234375 0.015625 0.017578125
Cars 0.3171875 0.486328125 0.0328125 0.03125
Cars 0.1890625 0.455078125 0.0359375 0.015625
Cars 0.14453125 0.5166015625 0.06171875 0.0576171875
Cars 0.05703125 0.5107421875 0.05546875 0.1005859375
Cars 0.51015625 0.482421875 0.01171875 0.0234375
Cars 0.49375 0.4833984375 0.0140625 0.0224609375
