Cars 0.88046875 0.5654296875 0.11796875 0.1279296875
Cars 0.70234375 0.50390625 0.06015625 0.087890625
Cars 0.7828125 0.4619140625 0.0203125 0.0439453125
Cars 0.609375 0.4833984375 0.034375 0.0458984375
Cars 0.56953125 0.4794921875 0.01796875 0.0361328125
Cars 0.45703125 0.5029296875 0.06796875 0.0673828125
Cars 0.3859375 0.4736328125 0.0109375 0.0205078125
Cars 0.3546875 0.4775390625 0.0203125 0.0205078125
People 0.2984375 0.4697265625 0.0078125 0.0205078125
Cars 0.246875 0.482421875 0.028125 0.033203125
Cars 0.17578125 0.46875 0.04296875 0.0546875
Cars 0.06640625 0.482421875 0.06640625 0.072265625
