People 0.90546875 0.626953125 0.04609375 0.205078125
People 0.91484375 0.66015625 0.04296875 0.1875
People 0.3953125 0.4580078125 0.0109375 0.0224609375
Cars 0.06875 0.453125 0.065625 0.037109375
Cars 0.2 0.44140625 0.0359375 0.029296875
Cars 0.2796875 0.453125 0.05 0.03125
Cars 0.53984375 0.458984375 0.01640625 0.017578125
Cars 0.60625 0.4814453125 0.0234375 0.0283203125
Cars 0.6421875 0.4990234375 0.025 0.0380859375
Cars 0.67109375 0.5078125 0.02734375 0.04296875
Cars 0.7078125 0.5166015625 0.0359375 0.0576171875
Cars 0.79375 0.5380859375 0.103125 0.0986328125
Cars 0.971875 0.73828125 0.0265625 0.103515625
Cars 0.19140625 0.4609375 0.02890625 0.029296875
Cars 0.11953125 0.451171875 0.04921875 0.0390625
Cars 0.4828125 0.455078125 0.0109375 0.01171875
Cars 0.584375 0.4677734375 0.0140625 0.0205078125
