People 0.628125 0.4775390625 0.01875 0.0771484375
Bicycles 0.66640625 0.5166015625 0.01796875 0.0283203125
Bicycles 0.5828125 0.5205078125 0.025 0.0283203125
Cars 0.59453125 0.4521484375 0.01640625 0.0302734375
Cars 0.565625 0.4521484375 0.0171875 0.0361328125
Cars 0.5484375 0.4580078125 0.009375 0.0263671875
Cars 0.53125 0.453125 0.0125 0.021484375
Cars 0.51484375 0.4462890625 0.00703125 0.0126953125
Cars 0.503125 0.4443359375 0.00625 0.0126953125
Cars 0.4953125 0.447265625 0.00625 0.009765625
Cars 0.45703125 0.46484375 0.03515625 0.033203125
Cars 0.34375 0.458984375 0.025 0.0390625
Cars 0.27421875 0.4697265625 0.04765625 0.0458984375
Cars 0.42109375 0.4345703125 0.01796875 0.0263671875
