Cars 0.45234375 0.4716796875 0.06015625 0.0634765625
Cars 0.3265625 0.4619140625 0.021875 0.0205078125
People 0.6140625 0.4609375 0.009375 0.029296875
People 0.59921875 0.4541015625 0.01171875 0.0361328125
People 0.73125 0.4228515625 0.01875 0.0693359375
People 0.79140625 0.4697265625 0.02734375 0.1455078125
People 0.8375 0.4609375 0.028125 0.08984375
People 0.94921875 0.4443359375 0.02109375 0.0927734375
People 0.1421875 0.4638671875 0.009375 0.0224609375
People 0.1078125 0.4609375 0.009375 0.021484375
