Cars 0.63203125 0.5087890625 0.04140625 0.0517578125
Cars 0.32578125 0.4921875 0.02890625 0.0390625
Cars 0.2703125 0.5009765625 0.0484375 0.0380859375
Cars 0.12890625 0.5078125 0.09765625 0.08203125
People 0.5375 0.48828125 0.0171875 0.060546875
People 0.4078125 0.4814453125 0.0109375 0.0283203125
People 0.3875 0.4833984375 0.0109375 0.0283203125
People 0.57734375 0.5146484375 0.02890625 0.0810546875
Cars 0.8015625 0.6162109375 0.1484375 0.1787109375
Cars 0.88828125 0.701171875 0.10859375 0.296875
Cars 0.5015625 0.4736328125 0.01875 0.0166015625
Cars 0.35625 0.490234375 0.0140625 0.02734375
Cars 0.36796875 0.4873046875 0.01328125 0.0263671875
