People 0.88828125 0.474609375 0.02890625 0.0703125
People 0.6015625 0.4931640625 0.04375 0.1318359375
People 0.95 0.4248046875 0.04375 0.1064453125
Bicycles 0.95078125 0.6396484375 0.04296875 0.1318359375
Bicycles 0.63046875 0.6044921875 0.01796875 0.0458984375
Cars 0.71640625 0.51171875 0.07578125 0.083984375
Cars 0.50859375 0.4765625 0.05390625 0.052734375
Cars 0.2859375 0.4599609375 0.0140625 0.0146484375
Cars 0.121875 0.48828125 0.090625 0.107421875
Cars 0.43984375 0.4697265625 0.02578125 0.0263671875
