Cars 0.59296875 0.51171875 0.06328125 0.07421875
Cars 0.51484375 0.5009765625 0.01484375 0.0419921875
Cars 0.51171875 0.48046875 0.03515625 0.04296875
Cars 0.4671875 0.486328125 0.0125 0.025390625
Cars 0.44921875 0.48046875 0.01171875 0.017578125
Cars 0.4109375 0.4833984375 0.0203125 0.0224609375
Cars 0.36484375 0.4765625 0.01328125 0.013671875
Cars 0.28515625 0.48828125 0.02109375 0.01953125
Cars 0.2328125 0.486328125 0.0234375 0.0390625
Cars 0.1796875 0.4931640625 0.0484375 0.0458984375
Cars 0.0640625 0.5068359375 0.0640625 0.0732421875
Cars 0.31953125 0.4833984375 0.01796875 0.0166015625
