People 0.78203125 0.5078125 0.02265625 0.05859375
People 0.7515625 0.5537109375 0.025 0.0849609375
People 0.425 0.458984375 0.009375 0.021484375
Cars 0.9578125 0.69921875 0.040625 0.1171875
Cars 0.88359375 0.60546875 0.11171875 0.099609375
Cars 0.71328125 0.5166015625 0.03828125 0.0693359375
Cars 0.6375 0.4951171875 0.0203125 0.0302734375
Cars 0.609375 0.48046875 0.025 0.025390625
Cars 0.55546875 0.46875 0.01484375 0.015625
Cars 0.32890625 0.4609375 0.03671875 0.0234375
Cars 0.2578125 0.447265625 0.0328125 0.033203125
Cars 0.16328125 0.455078125 0.04921875 0.0390625
Cars 0.2453125 0.4609375 0.021875 0.02734375
Cars 0.190625 0.455078125 0.0421875 0.033203125
Cars 0.40078125 0.458984375 0.01796875 0.017578125
Cars 0.50078125 0.458984375 0.01171875 0.01171875
Cars 0.67734375 0.509765625 0.02265625 0.046875
