Cars 0.51953125 0.455078125 0.01328125 0.013671875
Cars 0.59609375 0.4658203125 0.02265625 0.0205078125
People 0.284375 0.458984375 0.009375 0.02734375
People 0.26953125 0.4599609375 0.01015625 0.0283203125
People 0.26015625 0.4541015625 0.01171875 0.0302734375
People 0.65859375 0.4873046875 0.01328125 0.0615234375
People 0.67734375 0.4853515625 0.01328125 0.0517578125
People 0.80625 0.4814453125 0.0109375 0.0419921875
People 0.7796875 0.4892578125 0.015625 0.0478515625
People 0.88828125 0.48828125 0.01640625 0.0546875
People 0.91484375 0.51171875 0.01484375 0.05859375
People 0.97890625 0.498046875 0.01640625 0.052734375
People 0.83359375 0.462890625 0.01171875 0.0234375
People 0.72890625 0.4716796875 0.01171875 0.0341796875
People 0.746875 0.4794921875 0.0125 0.0419921875
People 0.640625 0.4677734375 0.0109375 0.0283203125
People 0.6265625 0.4658203125 0.009375 0.0263671875
Bicycles 0.84375 0.5107421875 0.0171875 0.0224609375
