Cars 0.9078125 0.6337890625 0.090625 0.1064453125
Cars 0.790625 0.546875 0.0859375 0.078125
Cars 0.68125 0.50390625 0.040625 0.04296875
Cars 0.65625 0.48828125 0.0328125 0.03515625
Cars 0.63203125 0.4765625 0.02578125 0.03125
Cars 0.615625 0.4716796875 0.0265625 0.0341796875
Cars 0.5703125 0.453125 0.0171875 0.017578125
People 0.52578125 0.4501953125 0.00703125 0.0185546875
People 0.31875 0.4560546875 0.009375 0.0224609375
People 0.33671875 0.455078125 0.00703125 0.0234375
People 0.34765625 0.455078125 0.00703125 0.0234375
People 0.40390625 0.447265625 0.00546875 0.017578125
People 0.4125 0.4453125 0.00625 0.01953125
Cars 0.50078125 0.4462890625 0.01171875 0.0126953125
Cars 0.79296875 0.4521484375 0.01484375 0.0166015625
