Cars 0.0828125 0.615234375 0.08125 0.111328125
Cars 0.19453125 0.5625 0.06484375 0.06640625
Cars 0.2546875 0.525390625 0.0421875 0.044921875
Cars 0.30625 0.4970703125 0.040625 0.0439453125
Cars 0.6015625 0.4814453125 0.03125 0.0419921875
Cars 0.615625 0.513671875 0.0265625 0.046875
Cars 0.67890625 0.5302734375 0.06640625 0.0654296875
Cars 0.796875 0.6298828125 0.109375 0.1044921875
Cars 0.89296875 0.7587890625 0.10546875 0.2294921875
Cars 0.40390625 0.4599609375 0.02109375 0.0205078125
Cars 0.440625 0.447265625 0.0109375 0.017578125
People 0.53125 0.45703125 0.0109375 0.02734375
People 0.5125 0.4560546875 0.009375 0.0263671875
Cars 0.5546875 0.462890625 0.0203125 0.02734375
Cars 0.35703125 0.486328125 0.01640625 0.02734375
People 0.1828125 0.4697265625 0.0140625 0.0205078125
Cars 0.178125 0.4482421875 0.0265625 0.0126953125
