People 0.2625 0.486328125 0.0234375 0.078125
People 0.3171875 0.5048828125 0.021875 0.0751953125
People 0.4453125 0.4990234375 0.0296875 0.0830078125
People 0.52578125 0.505859375 0.02421875 0.083984375
People 0.57578125 0.50390625 0.02890625 0.095703125
People 0.6421875 0.505859375 0.0171875 0.080078125
People 0.7234375 0.533203125 0.0359375 0.095703125
People 0.60859375 0.5478515625 0.05390625 0.1318359375
People 0.83984375 0.537109375 0.03671875 0.119140625
People 0.8984375 0.53125 0.0234375 0.107421875
Bicycles 0.934375 0.6103515625 0.0390625 0.0830078125
People 0.4859375 0.501953125 0.021875 0.0859375
