People 0.95078125 0.53515625 0.02421875 0.080078125
People 0.89453125 0.529296875 0.01796875 0.07421875
People 0.9375 0.4326171875 0.009375 0.0263671875
People 0.909375 0.4296875 0.009375 0.021484375
People 0.89375 0.4248046875 0.009375 0.0166015625
People 0.85546875 0.4365234375 0.01015625 0.0224609375
People 0.8125 0.439453125 0.009375 0.021484375
People 0.80078125 0.4453125 0.01015625 0.021484375
People 0.78046875 0.416015625 0.00546875 0.013671875
People 0.77421875 0.4140625 0.00390625 0.013671875
People 0.78828125 0.4453125 0.00546875 0.0234375
People 0.76953125 0.5009765625 0.01171875 0.0478515625
People 0.74140625 0.431640625 0.00390625 0.013671875
People 0.72578125 0.416015625 0.00546875 0.013671875
People 0.703125 0.412109375 0.0046875 0.013671875
People 0.7140625 0.4345703125 0.00625 0.0205078125
People 0.69375 0.4423828125 0.009375 0.0146484375
People 0.69296875 0.4921875 0.01015625 0.03515625
People 0.67265625 0.49609375 0.00703125 0.037109375
People 0.6609375 0.47265625 0.00625 0.0234375
People 0.63984375 0.43359375 0.00546875 0.009765625
People 0.64375 0.4775390625 0.009375 0.0341796875
People 0.63203125 0.4404296875 0.00546875 0.0107421875
People 0.621875 0.443359375 0.00625 0.021484375
People 0.62734375 0.48046875 0.00859375 0.033203125
People 0.60625 0.42578125 0.0046875 0.013671875
People 0.60390625 0.4609375 0.00703125 0.025390625
People 0.5921875 0.4365234375 0.0046875 0.0224609375
People 0.56953125 0.4453125 0.00390625 0.021484375
People 0.56015625 0.44921875 0.00546875 0.021484375
People 0.55 0.4501953125 0.0046875 0.0224609375
People 0.5390625 0.451171875 0.0046875 0.01953125
People 0.53125 0.44921875 0.0046875 0.01953125
Cars 0.465625 0.439453125 0.0140625 0.015625
Cars 0.49375 0.45703125 0.0234375 0.017578125
Cars 0.42890625 0.42578125 0.00859375 0.009765625
Cars 0.40078125 0.4296875 0.00859375 0.01171875
Cars 0.43828125 0.4541015625 0.03359375 0.0224609375
Cars 0.39140625 0.4423828125 0.01015625 0.0146484375
Cars 0.3734375 0.451171875 0.01875 0.01953125
Cars 0.36484375 0.4638671875 0.02265625 0.0283203125
Cars 0.41875 0.5048828125 0.034375 0.0400390625
Cars 0.315625 0.4599609375 0.0171875 0.0068359375
Cars 0.28203125 0.4619140625 0.01796875 0.0087890625
Cars 0.3359375 0.4921875 0.021875 0.03125
Cars 0.4890625 0.5361328125 0.0625 0.0615234375
Cars 0.2515625 0.5234375 0.059375 0.05859375
People 0.1671875 0.478515625 0.009375 0.033203125
People 0.15546875 0.482421875 0.01015625 0.033203125
People 0.13203125 0.4892578125 0.01171875 0.0302734375
People 0.11640625 0.4873046875 0.01015625 0.0341796875
People 0.08984375 0.4912109375 0.01328125 0.0341796875
Cars 0.02734375 0.5283203125 0.02734375 0.0380859375
People 0.99140625 0.51953125 0.00703125 0.078125
