People 0.91328125 0.4951171875 0.02265625 0.0458984375
People 0.8828125 0.4716796875 0.0109375 0.0224609375
People 0.865625 0.4697265625 0.0109375 0.0224609375
People 0.81953125 0.486328125 0.01640625 0.03125
People 0.759375 0.46484375 0.0125 0.025390625
People 0.70859375 0.505859375 0.02890625 0.107421875
Bicycles 0.70859375 0.595703125 0.02109375 0.056640625
Cars 0.65078125 0.4697265625 0.03359375 0.0341796875
People 0.5546875 0.4794921875 0.0125 0.0419921875
People 0.528125 0.4873046875 0.0140625 0.0478515625
Cars 0.49765625 0.47265625 0.01484375 0.015625
People 0.4734375 0.4736328125 0.009375 0.0341796875
Cars 0.403125 0.46484375 0.015625 0.015625
Cars 0.3515625 0.490234375 0.046875 0.041015625
Cars 0.29296875 0.4560546875 0.01484375 0.0146484375
Cars 0.25546875 0.462890625 0.01484375 0.013671875
Cars 0.1125 0.4833984375 0.0421875 0.0419921875
Cars 0.025 0.4853515625 0.0234375 0.0361328125
