Cars 0.94921875 0.4248046875 0.04921875 0.0419921875
Cars 0.95390625 0.3642578125 0.03671875 0.0126953125
Cars 0.70078125 0.4423828125 0.03046875 0.0498046875
People 0.75859375 0.48046875 0.04609375 0.15234375
People 0.44765625 0.4931640625 0.02421875 0.0966796875
Cars 0.38203125 0.447265625 0.01953125 0.033203125
People 0.24453125 0.4482421875 0.01015625 0.0322265625
People 0.22734375 0.447265625 0.01015625 0.03125
Cars 0.1671875 0.44921875 0.01875 0.021484375
Cars 0.14140625 0.44921875 0.01015625 0.013671875
Cars 0.11953125 0.44921875 0.01171875 0.015625
Cars 0.0328125 0.458984375 0.028125 0.029296875
Cars 0.0921875 0.44921875 0.0125 0.015625
Cars 0.0734375 0.453125 0.009375 0.015625
People 0.9015625 0.3837890625 0.0109375 0.0205078125
Cars 0.70625 0.3701171875 0.028125 0.0185546875
