Bicycles 0.2125 0.51171875 0.0109375 0.025390625
Bicycles 0.3609375 0.4892578125 0.009375 0.0224609375
People 0.17421875 0.458984375 0.00859375 0.02734375
People 0.24453125 0.462890625 0.00859375 0.029296875
Cars 0.4984375 0.5185546875 0.096875 0.0908203125
Cars 0.63359375 0.4814453125 0.04453125 0.0380859375
Bicycles 0.7203125 0.505859375 0.015625 0.052734375
Bicycles 0.7890625 0.50390625 0.0203125 0.05078125
Bicycles 0.96015625 0.52734375 0.02265625 0.0625
Bicycles 0.01640625 0.5078125 0.01640625 0.044921875
Bicycles 0.91640625 0.515625 0.02421875 0.072265625
People 0.3609375 0.447265625 0.0109375 0.01953125
People 0.34296875 0.4609375 0.00859375 0.025390625
People 0.32421875 0.46484375 0.01171875 0.03515625
People 0.2078125 0.45703125 0.015625 0.03125
People 0.1609375 0.443359375 0.0078125 0.015625
Bicycles 0.6921875 0.5185546875 0.0140625 0.0263671875
