People 0.11015625 0.5751953125 0.03515625 0.1123046875
People 0.29609375 0.4765625 0.01171875 0.03125
People 0.9515625 0.486328125 0.0140625 0.03125
People 0.78125 0.4765625 0.0140625 0.017578125
Bicycles 0.653125 0.5263671875 0.0546875 0.0380859375
Cars 0.61484375 0.4970703125 0.04140625 0.0478515625
Cars 0.57265625 0.486328125 0.01640625 0.029296875
Cars 0.56171875 0.470703125 0.01484375 0.025390625
Cars 0.53203125 0.44921875 0.01796875 0.01953125
Cars 0.4640625 0.4609375 0.01875 0.017578125
Cars 0.396875 0.4609375 0.0234375 0.021484375
Bicycles 0.734375 0.5341796875 0.0171875 0.0439453125
