Cars 0.44765625 0.4638671875 0.04765625 0.0302734375
People 0.35546875 0.4736328125 0.01171875 0.0380859375
People 0.3921875 0.4736328125 0.021875 0.0419921875
People 0.17265625 0.4599609375 0.01640625 0.0419921875
People 0.77734375 0.4892578125 0.01171875 0.0458984375
People 0.81484375 0.4619140625 0.01015625 0.0361328125
People 0.9265625 0.5048828125 0.0171875 0.0693359375
People 0.896875 0.50390625 0.015625 0.068359375
People 0.84296875 0.4794921875 0.01015625 0.0361328125
People 0.59921875 0.4609375 0.01015625 0.021484375
People 0.6078125 0.4609375 0.0078125 0.021484375
Cars 0.540625 0.458984375 0.0109375 0.01171875
Bicycles 0.0484375 0.5048828125 0.0171875 0.0341796875
Bicycles 0.115625 0.5205078125 0.021875 0.0302734375
Bicycles 0.7359375 0.55859375 0.0234375 0.0390625
Bicycles 0.865625 0.5830078125 0.0234375 0.0341796875
Bicycles 0.92265625 0.6083984375 0.03046875 0.0498046875
