People 0.809375 0.5048828125 0.009375 0.0322265625
People 0.83359375 0.5009765625 0.01328125 0.0380859375
Bicycles 0.78359375 0.576171875 0.06328125 0.046875
People 0.04375 0.5283203125 0.0109375 0.0517578125
People 0.06640625 0.5244140625 0.01171875 0.0537109375
People 0.25390625 0.5029296875 0.01015625 0.0146484375
Cars 0.3015625 0.521484375 0.03125 0.029296875
Cars 0.34453125 0.5166015625 0.01796875 0.0205078125
Cars 0.428125 0.51171875 0.025 0.0234375
Cars 0.5125 0.5634765625 0.0796875 0.0791015625
People 0.57265625 0.501953125 0.01015625 0.02734375
People 0.70234375 0.5068359375 0.01015625 0.0361328125
People 0.6703125 0.494140625 0.0109375 0.017578125
