Cars 0.03046875 0.4208984375 0.03046875 0.0478515625
Cars 0.10078125 0.4306640625 0.03046875 0.0341796875
People 0.06796875 0.44140625 0.02109375 0.0546875
Bicycles 0.06796875 0.4853515625 0.02109375 0.0322265625
Bicycles 0.19765625 0.4775390625 0.02109375 0.0205078125
People 0.19921875 0.44140625 0.02109375 0.037109375
People 0.29375 0.435546875 0.01875 0.033203125
Bicycles 0.29375 0.46875 0.01875 0.0234375
Cars 0.78359375 0.4267578125 0.03828125 0.0419921875
People 0.36796875 0.439453125 0.01328125 0.029296875
People 0.41953125 0.4296875 0.01328125 0.02734375
