Cars 0.9140625 0.4853515625 0.0796875 0.0791015625
Cars 0.684375 0.4658203125 0.05625 0.0537109375
Cars 0.6203125 0.470703125 0.0265625 0.03125
Cars 0.39140625 0.46484375 0.01640625 0.021484375
Cars 0.36640625 0.4609375 0.02109375 0.033203125
Cars 0.32890625 0.4658203125 0.03515625 0.0361328125
People 0.48203125 0.45703125 0.02890625 0.072265625
People 0.1453125 0.42578125 0.0171875 0.0390625
People 0.11796875 0.4541015625 0.02265625 0.0771484375
People 0.22890625 0.4306640625 0.01015625 0.0322265625
People 0.24921875 0.4599609375 0.01640625 0.0693359375
Cars 0.5625 0.45703125 0.03125 0.033203125
