Cars 0.08828125 0.501953125 0.06484375 0.052734375
Cars 0.521875 0.482421875 0.03125 0.03515625
People 0.15859375 0.486328125 0.01328125 0.05078125
People 0.178125 0.4736328125 0.0109375 0.0283203125
People 0.20859375 0.4833984375 0.01640625 0.0478515625
People 0.234375 0.4755859375 0.015625 0.0361328125
People 0.29296875 0.47265625 0.01640625 0.025390625
Bicycles 0.29765625 0.51171875 0.01015625 0.02734375
Bicycles 0.2078125 0.5302734375 0.0140625 0.0263671875
Bicycles 0.15546875 0.533203125 0.01796875 0.033203125
Cars 0.48671875 0.4775390625 0.01328125 0.0185546875
