Cars 0.87265625 0.4794921875 0.12578125 0.0830078125
Cars 0.54375 0.4619140625 0.03125 0.0341796875
Cars 0.50546875 0.455078125 0.01171875 0.0234375
Cars 0.484375 0.451171875 0.0125 0.017578125
Cars 0.465625 0.4443359375 0.0140625 0.0126953125
Cars 0.44140625 0.4365234375 0.01015625 0.0087890625
Cars 0.3859375 0.443359375 0.009375 0.01171875
Cars 0.34296875 0.4375 0.01484375 0.01171875
Cars 0.3046875 0.4345703125 0.021875 0.0126953125
Cars 0.18984375 0.5068359375 0.18984375 0.1201171875
Cars 0.109375 0.373046875 0.109375 0.01953125
