People 0.33828125 0.478515625 0.01640625 0.048828125
Bicycles 0.29921875 0.4775390625 0.02890625 0.0283203125
Cars 0.3875 0.4921875 0.0296875 0.03515625
Cars 0.48046875 0.4765625 0.08671875 0.0546875
Cars 0.578125 0.4892578125 0.0546875 0.0458984375
Cars 0.6390625 0.4921875 0.0859375 0.060546875
Cars 0.8390625 0.5009765625 0.1015625 0.0673828125
Cars 0.72421875 0.5 0.08359375 0.056640625
Cars 0.9625 0.49609375 0.0359375 0.0859375
People 0.7859375 0.4228515625 0.0140625 0.0185546875
People 0.83125 0.4248046875 0.009375 0.0107421875
People 0.88203125 0.41796875 0.01171875 0.013671875
People 0.89921875 0.4150390625 0.01015625 0.0166015625
People 0.41328125 0.44921875 0.00703125 0.0078125
People 0.39609375 0.44921875 0.00546875 0.0078125
