Bicycles 0.9265625 0.83203125 0.071875 0.154296875
Bicycles 0.884375 0.6484375 0.028125 0.0625
Bicycles 0.56015625 0.5634765625 0.01640625 0.0615234375
Bicycles 0.48671875 0.564453125 0.01171875 0.060546875
Cars 0.38984375 0.4873046875 0.02109375 0.0146484375
Cars 0.346875 0.4912109375 0.021875 0.0205078125
People 0.75390625 0.501953125 0.01953125 0.078125
People 0.43828125 0.482421875 0.00703125 0.01953125
Bicycles 0.03671875 0.5185546875 0.03046875 0.0537109375
Bicycles 0.11640625 0.5146484375 0.02109375 0.0400390625
People 0.94140625 0.63671875 0.05703125 0.29296875
People 0.88359375 0.4599609375 0.03359375 0.0810546875
People 0.703125 0.46875 0.0109375 0.041015625
People 0.68515625 0.4609375 0.01015625 0.03515625
People 0.5609375 0.4921875 0.0328125 0.1015625
People 0.48515625 0.5087890625 0.02265625 0.1044921875
