Cars 0.24765625 0.4921875 0.06328125 0.060546875
Cars 0.32109375 0.474609375 0.02109375 0.033203125
Cars 0.35546875 0.4814453125 0.02265625 0.0263671875
Cars 0.41953125 0.4833984375 0.01796875 0.0185546875
People 0.815625 0.509765625 0.0359375 0.095703125
People 0.74921875 0.5 0.03046875 0.103515625
People 0.6859375 0.5 0.03125 0.1015625
People 0.6265625 0.478515625 0.0203125 0.048828125
People 0.584375 0.4765625 0.015625 0.044921875
People 0.54453125 0.4775390625 0.01328125 0.0498046875
People 0.45859375 0.4833984375 0.01015625 0.0224609375
People 0.525 0.4794921875 0.015625 0.0517578125
People 0.659375 0.484375 0.0125 0.044921875
People 0.77734375 0.4453125 0.01484375 0.029296875
People 0.47890625 0.484375 0.01015625 0.0234375
People 0.49375 0.4833984375 0.009375 0.0224609375
