Cars 0.24609375 0.49609375 0.12734375 0.115234375
Cars 0.44296875 0.455078125 0.03984375 0.04296875
People 0.67734375 0.443359375 0.00546875 0.021484375
People 0.71484375 0.4521484375 0.01015625 0.0224609375
People 0.728125 0.4404296875 0.00625 0.0107421875
People 0.80859375 0.431640625 0.01015625 0.021484375
People 0.63984375 0.447265625 0.01015625 0.021484375
People 0.1171875 0.4228515625 0.0109375 0.0205078125
People 0.3765625 0.453125 0.0109375 0.0390625
People 0.5828125 0.4482421875 0.00625 0.0185546875
People 0.5703125 0.4462890625 0.00625 0.0185546875
