Cars 0.90234375 0.61328125 0.09296875 0.15234375
Cars 0.8234375 0.5322265625 0.1078125 0.1044921875
Cars 0.65546875 0.474609375 0.02421875 0.037109375
Cars 0.57265625 0.453125 0.01484375 0.015625
Cars 0.40625 0.4501953125 0.03125 0.0185546875
Cars 0.3328125 0.4931640625 0.0375 0.0458984375
Cars 0.2890625 0.5166015625 0.0375 0.0615234375
People 0.69375 0.5283203125 0.03125 0.1162109375
People 0.23515625 0.5205078125 0.02109375 0.0966796875
People 0.20390625 0.5048828125 0.02265625 0.1005859375
People 0.1671875 0.521484375 0.021875 0.08984375
Cars 0.46328125 0.4521484375 0.01484375 0.0146484375
People 0.48203125 0.453125 0.00703125 0.017578125
Cars 0.5296875 0.451171875 0.0078125 0.009765625
Cars 0.353125 0.4453125 0.021875 0.021484375
Cars 0.61328125 0.4609375 0.01484375 0.017578125
Cars 0.62734375 0.46875 0.01484375 0.021484375
People 0.7265625 0.4501953125 0.009375 0.0126953125
