Bicycles 0.9265625 0.64453125 0.0578125 0.111328125
Bicycles 0.66015625 0.5322265625 0.01796875 0.0458984375
People 0.93984375 0.4912109375 0.05703125 0.1923828125
People 0.659375 0.486328125 0.021875 0.08203125
Cars 0.6578125 0.4765625 0.059375 0.052734375
Cars 0.4546875 0.490234375 0.0609375 0.068359375
People 0.09296875 0.4658203125 0.01484375 0.0361328125
People 0.03984375 0.4521484375 0.01171875 0.0185546875
People 0.0609375 0.4580078125 0.0109375 0.0166015625
People 0.1890625 0.451171875 0.009375 0.015625
People 0.2140625 0.453125 0.00625 0.015625
People 0.22265625 0.4521484375 0.00703125 0.0146484375
Cars 0.3859375 0.4560546875 0.01875 0.0224609375
