People 0.559375 0.4638671875 0.0140625 0.0224609375
People 0.59453125 0.4599609375 0.01015625 0.0283203125
People 0.1828125 0.4130859375 0.0109375 0.0205078125
People 0.2296875 0.4501953125 0.0125 0.0380859375
People 0.25234375 0.4560546875 0.01328125 0.0419921875
People 0.278125 0.4541015625 0.0125 0.0439453125
Cars 0.621875 0.4921875 0.021875 0.037109375
Cars 0.67578125 0.50390625 0.06171875 0.0625
People 0.51484375 0.4541015625 0.00546875 0.0185546875
People 0.45625 0.458984375 0.009375 0.025390625
People 0.29375 0.4541015625 0.009375 0.0322265625
People 0.3125 0.455078125 0.009375 0.03125
