Cars 0.040625 0.63671875 0.040625 0.09765625
Cars 0.26171875 0.5322265625 0.06484375 0.0537109375
Cars 0.33984375 0.490234375 0.03359375 0.03515625
Cars 0.3828125 0.4765625 0.0265625 0.0234375
Cars 0.50234375 0.4501953125 0.02109375 0.0224609375
Cars 0.6078125 0.470703125 0.0328125 0.029296875
Cars 0.7 0.5205078125 0.059375 0.0576171875
Cars 0.93046875 0.5146484375 0.06171875 0.0595703125
Cars 0.8484375 0.6396484375 0.13125 0.1103515625
Cars 0.26171875 0.4609375 0.02265625 0.01953125
Cars 0.31484375 0.5048828125 0.03671875 0.0361328125
Cars 0.77265625 0.4619140625 0.03515625 0.0263671875
Cars 0.86640625 0.435546875 0.03671875 0.017578125
Cars 0.81171875 0.4931640625 0.01796875 0.0341796875
People 0.959375 0.7763671875 0.0375 0.2216796875
Bicycles 0.93046875 0.8759765625 0.02890625 0.1201171875
