Cars 0.5890625 0.505859375 0.0578125 0.060546875
Cars 0.5234375 0.4873046875 0.0109375 0.0283203125
Cars 0.4859375 0.4833984375 0.009375 0.0224609375
Cars 0.3734375 0.490234375 0.0140625 0.017578125
Cars 0.32109375 0.4873046875 0.02734375 0.0283203125
People 0.09609375 0.4794921875 0.00703125 0.0146484375
People 0.07578125 0.484375 0.00859375 0.013671875
Bicycles 0.090625 0.5126953125 0.01875 0.0126953125
People 0.22109375 0.490234375 0.00703125 0.021484375
People 0.20234375 0.4912109375 0.00546875 0.0205078125
People 0.19375 0.48828125 0.00625 0.021484375
