Cars 0.903125 0.5859375 0.0953125 0.203125
Cars 0.709375 0.5361328125 0.09375 0.0927734375
Cars 0.62890625 0.498046875 0.06796875 0.072265625
Cars 0.5625 0.490234375 0.0359375 0.05078125
Cars 0.52578125 0.4814453125 0.02109375 0.0458984375
Cars 0.4125 0.4521484375 0.01875 0.0205078125
Cars 0.38125 0.421875 0.0078125 0.0078125
Cars 0.3640625 0.419921875 0.0078125 0.009765625
Cars 0.3578125 0.423828125 0.0078125 0.009765625
Cars 0.3421875 0.423828125 0.0078125 0.009765625
Cars 0.35625 0.4521484375 0.0125 0.0146484375
Cars 0.32265625 0.4775390625 0.03515625 0.0380859375
People 0.234375 0.4560546875 0.009375 0.0224609375
People 0.1453125 0.5 0.01875 0.087890625
People 0.1171875 0.525390625 0.015625 0.068359375
Cars 0.19453125 0.49609375 0.02890625 0.056640625
Cars 0.0921875 0.51953125 0.009375 0.03515625
