Cars 0.7171875 0.5771484375 0.078125 0.0751953125
Cars 0.68515625 0.5087890625 0.05390625 0.0654296875
Cars 0.63046875 0.498046875 0.03984375 0.05078125
Cars 0.3515625 0.4951171875 0.025 0.0341796875
Cars 0.3296875 0.5048828125 0.0234375 0.0419921875
Cars 0.37890625 0.490234375 0.01484375 0.025390625
Cars 0.3921875 0.4716796875 0.0203125 0.0322265625
Cars 0.25078125 0.509765625 0.06640625 0.056640625
People 0.54921875 0.517578125 0.02109375 0.0625
People 0.4609375 0.5048828125 0.01875 0.0595703125
Bicycles 0.46171875 0.5380859375 0.01328125 0.0361328125
Cars 0.5953125 0.4921875 0.021875 0.037109375
Cars 0.42109375 0.466796875 0.01328125 0.021484375
People 0.43984375 0.466796875 0.01015625 0.0234375
Cars 0.31953125 0.4453125 0.02109375 0.017578125
