Bicycles 0.1859375 0.501953125 0.009375 0.025390625
Bicycles 0.36171875 0.486328125 0.00859375 0.013671875
People 0.875 0.474609375 0.021875 0.06640625
People 0.834375 0.4814453125 0.01875 0.0556640625
Cars 0.6734375 0.509765625 0.0890625 0.078125
Cars 0.5796875 0.4921875 0.040625 0.052734375
Cars 0.540625 0.4833984375 0.025 0.0380859375
Cars 0.44453125 0.4697265625 0.02109375 0.0224609375
Cars 0.50859375 0.47265625 0.02109375 0.021484375
Bicycles 0.03203125 0.521484375 0.03203125 0.052734375
People 0.03203125 0.4462890625 0.01640625 0.0224609375
People 0.38359375 0.4697265625 0.00546875 0.0146484375
People 0.47109375 0.4609375 0.00390625 0.017578125
People 0.35859375 0.45703125 0.00703125 0.017578125
People 0.33828125 0.4609375 0.00546875 0.017578125
People 0.3296875 0.455078125 0.0046875 0.015625
People 0.29453125 0.4658203125 0.00703125 0.0263671875
Bicycles 0.2578125 0.4892578125 0.0125 0.0205078125
Bicycles 0.24140625 0.484375 0.01171875 0.029296875
People 0.2203125 0.474609375 0.00625 0.03515625
People 0.128125 0.4716796875 0.025 0.0595703125
People 0.09453125 0.4677734375 0.01015625 0.0263671875
Bicycles 0.1671875 0.494140625 0.0109375 0.03515625
Bicycles 0.128125 0.5673828125 0.0265625 0.0361328125
Bicycles 0.09296875 0.5166015625 0.00859375 0.0263671875
