Cars 0.878125 0.517578125 0.1203125 0.115234375
Cars 0.56484375 0.4833984375 0.02265625 0.0498046875
Cars 0.5328125 0.4912109375 0.0125 0.0341796875
People 0.5109375 0.48046875 0.0109375 0.04296875
People 0.48984375 0.4833984375 0.01171875 0.0419921875
Cars 0.4109375 0.4833984375 0.0609375 0.0771484375
Cars 0.33046875 0.462890625 0.03203125 0.029296875
Cars 0.075 0.494140625 0.075 0.1171875
Dogs 0.5140625 0.51171875 0.0078125 0.013671875
Cars 0.2875 0.4892578125 0.05625 0.0439453125
Cars 0.1890625 0.478515625 0.0609375 0.06640625
Cars 0.18203125 0.5107421875 0.03671875 0.0634765625
Cars 0.6640625 0.4814453125 0.08125 0.0732421875
Cars 0.71484375 0.498046875 0.08046875 0.068359375
Cars 0.7375 0.5146484375 0.059375 0.0830078125
