Cars 0.54609375 0.4765625 0.03984375 0.041015625
Cars 0.35546875 0.4716796875 0.02578125 0.0224609375
Cars 0.04296875 0.5009765625 0.04140625 0.0576171875
People 0.609375 0.5146484375 0.034375 0.0810546875
People 0.29453125 0.4931640625 0.02734375 0.0810546875
People 0.1734375 0.494140625 0.021875 0.068359375
Bicycles 0.9609375 0.59765625 0.034375 0.046875
Bicycles 0.64765625 0.5673828125 0.03828125 0.0595703125
Bicycles 0.56484375 0.576171875 0.03359375 0.044921875
Bicycles 0.31171875 0.5556640625 0.02265625 0.0380859375
Bicycles 0.27109375 0.55859375 0.01640625 0.033203125
Bicycles 0.1703125 0.54296875 0.0171875 0.03125
Cars 0.50703125 0.4814453125 0.01328125 0.0205078125
Cars 0.5015625 0.474609375 0.0171875 0.025390625
Cars 0.15 0.4755859375 0.015625 0.0380859375
Bicycles 0.2125 0.515625 0.0125 0.0234375
People 0.21171875 0.4755859375 0.01328125 0.0439453125
Cars 0.3890625 0.4716796875 0.0140625 0.0166015625
