People 0.5328125 0.46484375 0.0171875 0.0390625
People 0.47421875 0.4599609375 0.01640625 0.0439453125
Bicycles 0.5359375 0.490234375 0.009375 0.0234375
Bicycles 0.47421875 0.486328125 0.01015625 0.0234375
Cars 0.57578125 0.482421875 0.02109375 0.037109375
Cars 0.66640625 0.49609375 0.05078125 0.080078125
Cars 0.77265625 0.5419921875 0.12734375 0.1201171875
Cars 0.34296875 0.46484375 0.02890625 0.025390625
Cars 0.37109375 0.45703125 0.01796875 0.0234375
Cars 0.3015625 0.478515625 0.025 0.037109375
Cars 0.22109375 0.48828125 0.05546875 0.052734375
Cars 0.3921875 0.4580078125 0.0125 0.0166015625
Cars 0.40234375 0.453125 0.01328125 0.017578125
Cars 0.41953125 0.4482421875 0.01015625 0.0146484375
Cars 0.625 0.4765625 0.0234375 0.05859375
