Cars 0.29609375 0.50390625 0.04296875 0.041015625
Cars 0.35625 0.494140625 0.0234375 0.021484375
Cars 0.415625 0.498046875 0.01875 0.017578125
People 0.89140625 0.5068359375 0.02109375 0.0830078125
People 0.8578125 0.51171875 0.01875 0.06640625
People 0.68984375 0.50390625 0.02109375 0.06640625
People 0.64375 0.49609375 0.0234375 0.06640625
People 0.5921875 0.50390625 0.0234375 0.0703125
People 0.55625 0.4892578125 0.0125 0.0439453125
People 0.53125 0.4892578125 0.0125 0.0458984375
People 0.515625 0.4921875 0.0109375 0.044921875
People 0.484375 0.498046875 0.0109375 0.0234375
People 0.5 0.5009765625 0.009375 0.0263671875
People 0.7140625 0.4736328125 0.0140625 0.0380859375
