Bicycles 0.3265625 0.69921875 0.034375 0.07421875
People 0.92734375 0.7314453125 0.06796875 0.2294921875
Cars 0.84765625 0.662109375 0.05078125 0.13671875
Cars 0.73203125 0.5380859375 0.06171875 0.0576171875
Cars 0.659375 0.517578125 0.0296875 0.044921875
Cars 0.5953125 0.4501953125 0.0203125 0.0224609375
Cars 0.4703125 0.447265625 0.0203125 0.021484375
Cars 0.440625 0.4677734375 0.0140625 0.0263671875
Cars 0.40390625 0.466796875 0.02578125 0.037109375
Cars 0.39375 0.4755859375 0.01875 0.0322265625
Cars 0.36015625 0.484375 0.03046875 0.044921875
Cars 0.32890625 0.494140625 0.04609375 0.046875
People 0.33046875 0.572265625 0.05234375 0.0859375
Cars 0.1859375 0.568359375 0.078125 0.083984375
Cars 0.08203125 0.6455078125 0.08046875 0.1298828125
Cars 0.725 0.4384765625 0.03125 0.0166015625
Cars 0.68125 0.439453125 0.0125 0.017578125
Cars 0.50390625 0.44140625 0.01171875 0.015625
Cars 0.52734375 0.4404296875 0.01171875 0.0126953125
