People 0.790625 0.5205078125 0.01875 0.0615234375
People 0.74375 0.5185546875 0.0234375 0.0595703125
Cars 0.8859375 0.80859375 0.109375 0.1875
Cars 0.65546875 0.5361328125 0.07109375 0.0634765625
Cars 0.5890625 0.4892578125 0.0484375 0.0517578125
Cars 0.5328125 0.4658203125 0.0234375 0.0205078125
Cars 0.38828125 0.455078125 0.02109375 0.017578125
Cars 0.33125 0.484375 0.0265625 0.025390625
Cars 0.29609375 0.50390625 0.02421875 0.03515625
Cars 0.26015625 0.521484375 0.03828125 0.048828125
Cars 0.16484375 0.54296875 0.07734375 0.076171875
Cars 0.0375 0.62890625 0.0375 0.1015625
Cars 0.69296875 0.4619140625 0.03359375 0.0224609375
Cars 0.3546875 0.4736328125 0.0171875 0.0185546875
Cars 0.5171875 0.45703125 0.01875 0.017578125
Cars 0.42890625 0.439453125 0.01015625 0.01171875
