People 0.94296875 0.423828125 0.01171875 0.033203125
People 0.91875 0.42578125 0.009375 0.033203125
People 0.88671875 0.41796875 0.01015625 0.02734375
People 0.865625 0.41015625 0.0109375 0.0234375
Cars 0.80625 0.533203125 0.1484375 0.10546875
People 0.79375 0.4140625 0.009375 0.015625
People 0.7734375 0.4140625 0.009375 0.01171875
People 0.99375 0.408203125 0.0046875 0.021484375
People 0.603125 0.42578125 0.0078125 0.0078125
Cars 0.590625 0.4736328125 0.059375 0.0400390625
Cars 0.534375 0.4541015625 0.0109375 0.0361328125
Cars 0.51640625 0.4501953125 0.01171875 0.0283203125
Cars 0.5015625 0.4423828125 0.009375 0.0185546875
Cars 0.45625 0.451171875 0.0328125 0.03515625
Cars 0.41796875 0.431640625 0.01015625 0.013671875
Cars 0.39140625 0.4404296875 0.01015625 0.0166015625
Cars 0.37109375 0.443359375 0.01171875 0.017578125
Cars 0.35 0.44921875 0.0125 0.025390625
Cars 0.3296875 0.45703125 0.0109375 0.02734375
Cars 0.2890625 0.4541015625 0.0328125 0.0361328125
Cars 0.2734375 0.47265625 0.028125 0.03125
Cars 0.12421875 0.5263671875 0.12421875 0.1591796875
