People 0.6296875 0.42578125 0.0203125 0.021484375
People 0.3390625 0.4853515625 0.0203125 0.0673828125
People 0.31328125 0.484375 0.01640625 0.068359375
People 0.290625 0.4833984375 0.015625 0.0654296875
Bicycles 0.43828125 0.4794921875 0.05078125 0.0361328125
Cars 0.65 0.4921875 0.121875 0.099609375
Cars 0.803125 0.509765625 0.1921875 0.1328125
Cars 0.978125 0.576171875 0.0203125 0.083984375
People 0.59140625 0.435546875 0.00859375 0.0078125
People 0.60703125 0.4365234375 0.00703125 0.0068359375
