Cars 0.0609375 0.5185546875 0.0609375 0.0693359375
Cars 0.14140625 0.4853515625 0.07421875 0.0673828125
Cars 0.234375 0.4921875 0.025 0.0390625
Cars 0.2609375 0.482421875 0.034375 0.0390625
Cars 0.309375 0.478515625 0.021875 0.025390625
Cars 0.3578125 0.474609375 0.0171875 0.015625
Cars 0.54296875 0.46875 0.02109375 0.021484375
Cars 0.75625 0.49609375 0.0765625 0.072265625
Cars 0.88828125 0.5439453125 0.11015625 0.0966796875
Cars 0.375 0.4716796875 0.015625 0.0185546875
Cars 0.40078125 0.4716796875 0.01328125 0.0126953125
Cars 0.428125 0.4697265625 0.0125 0.0146484375
Cars 0.48359375 0.46875 0.01328125 0.01171875
People 0.446875 0.4658203125 0.00625 0.0185546875
