Cars 0.59140625 0.4423828125 0.05390625 0.0283203125
Bicycles 0.55078125 0.46484375 0.01328125 0.017578125
Bicycles 0.51015625 0.470703125 0.01640625 0.015625
Cars 0.49765625 0.4267578125 0.03046875 0.0283203125
Cars 0.45625 0.43359375 0.0125 0.015625
Cars 0.44765625 0.421875 0.01640625 0.0234375
Cars 0.4296875 0.419921875 0.0109375 0.017578125
Cars 0.396875 0.419921875 0.0125 0.015625
People 0.38203125 0.4423828125 0.00703125 0.0341796875
People 0.36953125 0.4404296875 0.00859375 0.0419921875
People 0.32109375 0.40625 0.00546875 0.01171875
People 0.309375 0.404296875 0.00625 0.013671875
Cars 0.13515625 0.4248046875 0.01640625 0.0205078125
