Cars 0.29609375 0.505859375 0.05234375 0.048828125
Cars 0.46796875 0.5244140625 0.10078125 0.0966796875
Bicycles 0.98125 0.556640625 0.0171875 0.056640625
People 0.903125 0.517578125 0.021875 0.056640625
People 0.09375 0.4794921875 0.009375 0.0419921875
People 0.07578125 0.482421875 0.01015625 0.041015625
People 0.13984375 0.4765625 0.01328125 0.033203125
People 0.7171875 0.4892578125 0.0109375 0.0517578125
People 0.8046875 0.4658203125 0.0125 0.0244140625
People 0.77421875 0.4814453125 0.01015625 0.0380859375
People 0.04765625 0.4658203125 0.01015625 0.0185546875
People 0.15625 0.4716796875 0.0078125 0.0263671875
