People 0.7796875 0.515625 0.0390625 0.134765625
People 0.72421875 0.5107421875 0.02421875 0.1298828125
People 0.678125 0.5087890625 0.0265625 0.1240234375
People 0.6328125 0.453125 0.015625 0.048828125
People 0.58984375 0.4560546875 0.01171875 0.0439453125
People 0.4203125 0.46484375 0.0140625 0.05078125
Bicycles 0.0578125 0.5029296875 0.0453125 0.0224609375
People 0.115625 0.458984375 0.0109375 0.03515625
Cars 0.2625 0.46484375 0.034375 0.029296875
Cars 0.54140625 0.46484375 0.02578125 0.025390625
Cars 0.45 0.4541015625 0.0125 0.0146484375
