Cars 0.38828125 0.484375 0.03515625 0.03125
People 0.08203125 0.4912109375 0.01015625 0.0341796875
People 0.634375 0.451171875 0.009375 0.025390625
People 0.60390625 0.462890625 0.01015625 0.029296875
People 0.671875 0.466796875 0.0125 0.056640625
People 0.715625 0.46875 0.021875 0.05859375
Cars 0.80546875 0.4658203125 0.02578125 0.0322265625
Cars 0.92734375 0.44140625 0.07109375 0.060546875
Cars 0.9515625 0.494140625 0.04375 0.05078125
People 0.1265625 0.486328125 0.0109375 0.01953125
Cars 0.4140625 0.4609375 0.0109375 0.013671875
Cars 0.6484375 0.44921875 0.0109375 0.013671875
