People 0.80625 0.4921875 0.0125 0.01953125
People 0.7734375 0.47265625 0.009375 0.01953125
Bicycles 0.77421875 0.501953125 0.01796875 0.015625
People 0.609375 0.466796875 0.009375 0.021484375
People 0.5265625 0.4775390625 0.009375 0.0205078125
Cars 0.39921875 0.4716796875 0.01796875 0.0185546875
Cars 0.36015625 0.4658203125 0.01484375 0.0166015625
Cars 0.3078125 0.4697265625 0.015625 0.0205078125
Cars 0.2875 0.4736328125 0.0125 0.0205078125
Cars 0.2703125 0.474609375 0.0125 0.025390625
Cars 0.24921875 0.4794921875 0.02109375 0.0341796875
Cars 0.1890625 0.47265625 0.0421875 0.046875
Cars 0.12578125 0.5 0.05859375 0.04296875
