Cars 0.03046875 0.4482421875 0.02890625 0.0263671875
Cars 0.096875 0.4423828125 0.025 0.0283203125
Cars 0.1828125 0.490234375 0.0796875 0.078125
People 0.7546875 0.46875 0.021875 0.078125
People 0.71875 0.474609375 0.0171875 0.078125
People 0.6671875 0.4599609375 0.0171875 0.0517578125
People 0.6359375 0.455078125 0.015625 0.0546875
People 0.61484375 0.455078125 0.01484375 0.052734375
People 0.534375 0.451171875 0.015625 0.05078125
People 0.81796875 0.4794921875 0.02109375 0.0791015625
People 0.8546875 0.470703125 0.015625 0.0703125
Cars 0.92109375 0.455078125 0.05078125 0.052734375
