Cars 0.15625 0.560546875 0.0828125 0.068359375
Cars 0.25703125 0.51953125 0.05859375 0.064453125
Cars 0.334375 0.5 0.0296875 0.03515625
Cars 0.35625 0.4814453125 0.0265625 0.0283203125
People 0.3921875 0.478515625 0.0125 0.041015625
People 0.71015625 0.4716796875 0.01640625 0.0380859375
Dogs 0.76484375 0.5146484375 0.01015625 0.0126953125
Cars 0.91796875 0.802734375 0.07890625 0.189453125
Cars 0.846875 0.6669921875 0.1375 0.1416015625
Cars 0.665625 0.537109375 0.0640625 0.056640625
Cars 0.6015625 0.48828125 0.0328125 0.041015625
Cars 0.56796875 0.4697265625 0.02109375 0.0263671875
Cars 0.4234375 0.4609375 0.021875 0.015625
Cars 0.490625 0.44140625 0.015625 0.013671875
People 0.51328125 0.447265625 0.00703125 0.01953125
Cars 0.55 0.4541015625 0.0203125 0.0224609375
Cars 0.0171875 0.658203125 0.0171875 0.07421875
