Cars 0.06953125 0.634765625 0.06953125 0.126953125
Cars 0.3875 0.533203125 0.046875 0.04296875
Cars 0.4828125 0.5751953125 0.065625 0.0751953125
Cars 0.52578125 0.51171875 0.02265625 0.021484375
People 0.171875 0.5029296875 0.0125 0.0283203125
People 0.2765625 0.517578125 0.0125 0.0390625
People 0.65703125 0.5361328125 0.01640625 0.0439453125
People 0.88046875 0.5302734375 0.01484375 0.0517578125
People 0.8015625 0.53125 0.0203125 0.05078125
Bicycles 0.6625 0.55859375 0.009375 0.02734375
People 0.8390625 0.5224609375 0.0125 0.0283203125
