Bicycles 0.0859375 0.6318359375 0.0734375 0.0732421875
People 0.0453125 0.53515625 0.04375 0.1640625
People 0.33828125 0.4775390625 0.01640625 0.0537109375
People 0.3140625 0.47265625 0.0140625 0.056640625
People 0.1796875 0.4716796875 0.0140625 0.0595703125
People 0.53828125 0.4599609375 0.01328125 0.0380859375
People 0.56796875 0.453125 0.01015625 0.044921875
People 0.5953125 0.453125 0.015625 0.046875
Cars 0.809375 0.4970703125 0.1890625 0.1201171875
Cars 0.471875 0.4658203125 0.0296875 0.0283203125
People 0.13671875 0.4677734375 0.01171875 0.0498046875
People 0.16328125 0.4677734375 0.01015625 0.0517578125
