People 0.26640625 0.5380859375 0.02109375 0.0654296875
Bicycles 0.26328125 0.578125 0.01328125 0.0390625
Cars 0.37734375 0.48046875 0.02578125 0.0234375
Cars 0.425 0.4638671875 0.021875 0.0185546875
Cars 0.50546875 0.4453125 0.01328125 0.013671875
Cars 0.621875 0.4990234375 0.01875 0.0322265625
Cars 0.64296875 0.5146484375 0.02734375 0.0478515625
Cars 0.6640625 0.5302734375 0.03125 0.0576171875
Cars 0.75234375 0.5576171875 0.08359375 0.0927734375
Cars 0.0171875 0.5263671875 0.0171875 0.0537109375
Cars 0.1125 0.498046875 0.0234375 0.044921875
Cars 0.29140625 0.478515625 0.03359375 0.029296875
Cars 0.30390625 0.46484375 0.03671875 0.025390625
Cars 0.459375 0.447265625 0.0140625 0.013671875
Cars 0.60625 0.490234375 0.0171875 0.033203125
Cars 0.57890625 0.470703125 0.01484375 0.021484375
Cars 0.565625 0.455078125 0.015625 0.021484375
Cars 0.234375 0.466796875 0.0265625 0.03125
