People 0.66953125 0.4794921875 0.01015625 0.0302734375
People 0.64375 0.4921875 0.009375 0.017578125
People 0.6421875 0.466796875 0.009375 0.01171875
People 0.590625 0.474609375 0.009375 0.01953125
Cars 0.46875 0.4833984375 0.01875 0.0224609375
Cars 0.3921875 0.4833984375 0.0109375 0.0146484375
Cars 0.37734375 0.48046875 0.01015625 0.015625
Cars 0.35546875 0.4794921875 0.01484375 0.0166015625
Cars 0.30234375 0.4765625 0.03515625 0.037109375
Cars 0.25859375 0.470703125 0.01171875 0.0234375
Cars 0.2234375 0.48046875 0.034375 0.03125
Cars 0.13203125 0.5 0.06484375 0.05078125
Cars 0.034375 0.4912109375 0.0328125 0.0341796875
