Cars 0.459375 0.46875 0.0421875 0.046875
Cars 0.359375 0.4619140625 0.0234375 0.0224609375
Cars 0.26640625 0.4619140625 0.02734375 0.0283203125
Cars 0.97890625 0.466796875 0.01953125 0.02734375
People 0.0875 0.455078125 0.0078125 0.015625
People 0.53125 0.447265625 0.0078125 0.015625
People 0.56171875 0.447265625 0.00546875 0.013671875
Cars 0.40703125 0.4541015625 0.01484375 0.0146484375
Cars 0.32890625 0.4580078125 0.01015625 0.0126953125
People 0.828125 0.4609375 0.009375 0.017578125
Bicycles 0.828125 0.490234375 0.0125 0.013671875
People 0.62734375 0.439453125 0.00703125 0.01171875
