Cars 0.0515625 0.4990234375 0.0515625 0.0615234375
Cars 0.13125 0.4833984375 0.0578125 0.0517578125
Cars 0.2 0.4833984375 0.021875 0.0361328125
Cars 0.2640625 0.4736328125 0.034375 0.0302734375
Cars 0.3375 0.4765625 0.034375 0.03515625
Cars 0.44140625 0.4775390625 0.03203125 0.0302734375
Cars 0.53984375 0.4794921875 0.01953125 0.0361328125
Cars 0.55703125 0.4892578125 0.02734375 0.0341796875
Cars 0.58671875 0.494140625 0.03671875 0.05078125
Cars 0.684375 0.501953125 0.0890625 0.080078125
Cars 0.39375 0.4658203125 0.0140625 0.0166015625
