Cars 0.40390625 0.4853515625 0.02109375 0.0302734375
Cars 0.44765625 0.47265625 0.02265625 0.02734375
Cars 0.7359375 0.533203125 0.071875 0.06640625
Cars 0.87578125 0.681640625 0.12109375 0.185546875
People 0.6578125 0.47265625 0.0109375 0.02734375
Cars 0.5734375 0.46875 0.015625 0.015625
Cars 0.34453125 0.4873046875 0.04921875 0.0498046875
Cars 0.0859375 0.55859375 0.08125 0.095703125
Cars 0.20234375 0.5244140625 0.07109375 0.0673828125
Cars 0.2859375 0.5087890625 0.040625 0.0517578125
Cars 0.4796875 0.470703125 0.0171875 0.017578125
Cars 0.49921875 0.46484375 0.01015625 0.015625
Cars 0.7859375 0.482421875 0.0265625 0.033203125
People 0.59296875 0.462890625 0.00546875 0.013671875
People 0.5359375 0.4580078125 0.0078125 0.0146484375
People 0.5265625 0.458984375 0.00625 0.015625
