Cars 0.1375 0.5263671875 0.090625 0.0673828125
Cars 0.24375 0.4990234375 0.0453125 0.0419921875
Cars 0.31640625 0.48828125 0.03828125 0.03125
Cars 0.5828125 0.4765625 0.0328125 0.029296875
Cars 0.74609375 0.486328125 0.02265625 0.025390625
People 0.69765625 0.4921875 0.01796875 0.052734375
People 0.51484375 0.4638671875 0.00859375 0.0263671875
Cars 0.38671875 0.474609375 0.02109375 0.025390625
Cars 0.3515625 0.4765625 0.0265625 0.03125
Cars 0.41640625 0.4638671875 0.02109375 0.0205078125
Cars 0.44921875 0.4580078125 0.01015625 0.0166015625
People 0.4859375 0.455078125 0.00625 0.015625
Cars 0.53125 0.4609375 0.009375 0.017578125
Cars 0.0125 0.5546875 0.0125 0.046875
