Cars 0.0515625 0.5302734375 0.0515625 0.0771484375
Cars 0.2 0.49609375 0.05625 0.046875
Cars 0.26171875 0.490234375 0.02734375 0.037109375
Cars 0.2921875 0.4833984375 0.0140625 0.0302734375
Cars 0.44453125 0.4775390625 0.01640625 0.0185546875
Cars 0.57421875 0.486328125 0.03984375 0.048828125
Cars 0.58828125 0.501953125 0.03046875 0.048828125
Cars 0.684375 0.5107421875 0.09375 0.0849609375
Cars 0.85859375 0.576171875 0.13671875 0.150390625
Cars 0.4828125 0.474609375 0.0125 0.015625
Cars 0.52734375 0.4765625 0.01953125 0.044921875
Cars 0.38515625 0.4755859375 0.01484375 0.0126953125
