People 0.63671875 0.45703125 0.01015625 0.03515625
People 0.33515625 0.4404296875 0.01015625 0.0263671875
People 0.725 0.4658203125 0.009375 0.0263671875
People 0.4296875 0.4560546875 0.009375 0.0224609375
People 0.35546875 0.4521484375 0.01015625 0.0263671875
People 0.60625 0.4580078125 0.0109375 0.0322265625
People 0.4390625 0.453125 0.009375 0.01953125
Cars 0.525 0.451171875 0.0125 0.013671875
Bicycles 0.875 0.60546875 0.0203125 0.0546875
Bicycles 0.82109375 0.5966796875 0.02890625 0.0537109375
