Cars 0.33984375 0.4638671875 0.01640625 0.0166015625
Cars 0.44609375 0.4697265625 0.01640625 0.0146484375
Cars 0.40234375 0.4580078125 0.01015625 0.0126953125
Bicycles 0.7515625 0.501953125 0.0203125 0.0625
People 0.64921875 0.453125 0.01015625 0.044921875
People 0.72578125 0.4599609375 0.01171875 0.0576171875
People 0.7796875 0.451171875 0.0109375 0.048828125
People 0.6984375 0.431640625 0.0140625 0.025390625
People 0.66875 0.4404296875 0.009375 0.0166015625
People 0.5140625 0.4482421875 0.009375 0.0166015625
People 0.496875 0.4541015625 0.009375 0.0185546875
