People 0.5796875 0.4443359375 0.0125 0.0458984375
People 0.55703125 0.4423828125 0.01328125 0.0439453125
People 0.4046875 0.435546875 0.0125 0.041015625
Cars 0.35390625 0.4384765625 0.03671875 0.0341796875
Cars 0.1953125 0.4306640625 0.0359375 0.0302734375
Cars 0.6421875 0.4501953125 0.046875 0.0498046875
Cars 0.43125 0.4248046875 0.015625 0.0185546875
Cars 0.0609375 0.4267578125 0.0453125 0.0439453125
Cars 0.11875 0.423828125 0.0265625 0.033203125
Cars 0.103125 0.404296875 0.053125 0.041015625
Cars 0.2640625 0.453125 0.059375 0.052734375
Cars 0.45078125 0.4267578125 0.01171875 0.0185546875
Cars 0.459375 0.41796875 0.015625 0.01953125
