Cars 0.18984375 0.517578125 0.10234375 0.07421875
Cars 0.3375 0.4755859375 0.025 0.0224609375
Cars 0.94609375 0.4990234375 0.05078125 0.0537109375
People 0.615625 0.4873046875 0.015625 0.0498046875
Bicycles 0.6171875 0.5146484375 0.009375 0.0302734375
Cars 0.36484375 0.4736328125 0.01484375 0.0185546875
Cars 0.38203125 0.47265625 0.01171875 0.01953125
Cars 0.41328125 0.466796875 0.01328125 0.017578125
Cars 0.45390625 0.4658203125 0.01484375 0.0126953125
Cars 0.48828125 0.4609375 0.01015625 0.01171875
