People 0.68671875 0.48828125 0.01171875 0.044921875
Cars 0.58828125 0.4921875 0.03515625 0.033203125
Cars 0.49453125 0.48828125 0.01796875 0.01953125
Cars 0.47109375 0.4833984375 0.01171875 0.0185546875
Cars 0.459375 0.4775390625 0.009375 0.0126953125
Cars 0.43671875 0.47265625 0.01015625 0.015625
Cars 0.41640625 0.4775390625 0.00859375 0.0107421875
Cars 0.38515625 0.4833984375 0.01015625 0.0126953125
Cars 0.371875 0.486328125 0.009375 0.01171875
Cars 0.346875 0.4912109375 0.0140625 0.0126953125
Cars 0.31875 0.484375 0.0140625 0.01953125
Cars 0.3015625 0.4853515625 0.0109375 0.0224609375
Cars 0.28828125 0.48828125 0.01328125 0.021484375
Cars 0.25859375 0.490234375 0.01953125 0.02734375
Cars 0.21015625 0.5 0.03046875 0.03125
Cars 0.13203125 0.50390625 0.05078125 0.0390625
