People 0.803125 0.552734375 0.0359375 0.109375
Cars 0.45625 0.4697265625 0.03125 0.0322265625
Cars 0.42421875 0.4501953125 0.01171875 0.0166015625
Cars 0.4296875 0.4267578125 0.0125 0.0146484375
Cars 0.41953125 0.404296875 0.01015625 0.01171875
Cars 0.39375 0.3955078125 0.0109375 0.0126953125
Cars 0.365625 0.4033203125 0.0125 0.0166015625
Cars 0.33515625 0.416015625 0.01328125 0.013671875
Cars 0.32109375 0.427734375 0.01484375 0.017578125
Cars 0.3078125 0.447265625 0.0171875 0.01953125
Cars 0.35625 0.4375 0.015625 0.021484375
