Cars 0.0671875 0.591796875 0.0671875 0.115234375
Cars 0.21015625 0.544921875 0.06640625 0.05859375
Cars 0.271875 0.5078125 0.0453125 0.044921875
Cars 0.33125 0.4833984375 0.03125 0.0302734375
Cars 0.63203125 0.51171875 0.04765625 0.041015625
Cars 0.6828125 0.462890625 0.0265625 0.029296875
Cars 0.90625 0.5244140625 0.0890625 0.0634765625
Cars 0.9671875 0.55078125 0.028125 0.06640625
People 0.3890625 0.46875 0.0109375 0.029296875
Cars 0.86171875 0.4931640625 0.08359375 0.0478515625
People 0.421875 0.458984375 0.0125 0.01953125
Cars 0.74765625 0.5 0.04140625 0.0390625
