Cars 0.95546875 0.466796875 0.04296875 0.0234375
Cars 0.88046875 0.4453125 0.03359375 0.029296875
Cars 0.8140625 0.443359375 0.0328125 0.017578125
Cars 0.6578125 0.4404296875 0.0734375 0.0380859375
Cars 0.5453125 0.458984375 0.0296875 0.048828125
People 0.509375 0.45703125 0.00625 0.021484375
People 0.4921875 0.45703125 0.009375 0.0234375
Cars 0.45234375 0.4462890625 0.02890625 0.0380859375
Cars 0.38984375 0.4609375 0.03359375 0.03515625
People 0.171875 0.4345703125 0.0171875 0.0224609375
People 0.0125 0.4677734375 0.0125 0.0673828125
Cars 0.24140625 0.4775390625 0.10703125 0.0869140625
