Cars 0.915625 0.4658203125 0.0515625 0.0478515625
Cars 0.8703125 0.474609375 0.0359375 0.03125
People 0.72109375 0.4814453125 0.01796875 0.0498046875
Cars 0.54453125 0.5830078125 0.18359375 0.1650390625
People 0.046875 0.515625 0.0171875 0.052734375
Cars 0.31640625 0.46484375 0.02421875 0.029296875
People 0.125 0.509765625 0.0171875 0.064453125
People 0.0984375 0.509765625 0.0171875 0.0625
People 0.2015625 0.4580078125 0.0109375 0.0302734375
People 0.79453125 0.4619140625 0.01328125 0.0263671875
People 0.68203125 0.466796875 0.01484375 0.037109375
