Cars 0.82890625 0.5439453125 0.16796875 0.1240234375
Cars 0.45078125 0.4736328125 0.03046875 0.0302734375
Bicycles 0.12578125 0.5048828125 0.01640625 0.0341796875
Bicycles 0.0609375 0.5185546875 0.0390625 0.0341796875
People 0.0171875 0.451171875 0.0109375 0.05078125
People 0.1375 0.4482421875 0.0109375 0.0263671875
People 0.70703125 0.4482421875 0.01171875 0.0283203125
People 0.653125 0.4619140625 0.0140625 0.0439453125
People 0.61328125 0.4658203125 0.01015625 0.0400390625
People 0.584375 0.4677734375 0.009375 0.0380859375
Bicycles 0.5734375 0.482421875 0.0078125 0.0234375
Cars 0.40859375 0.466796875 0.01796875 0.017578125
