People 0.85390625 0.556640625 0.07421875 0.24609375
Cars 0.9265625 0.53515625 0.06875 0.15234375
Cars 0.69375 0.5244140625 0.0734375 0.0947265625
Cars 0.490625 0.4736328125 0.140625 0.0947265625
Cars 0.3484375 0.4873046875 0.01875 0.0458984375
Cars 0.33359375 0.4794921875 0.02890625 0.0458984375
Cars 0.24921875 0.47265625 0.01796875 0.03125
People 0.27265625 0.490234375 0.02109375 0.0625
People 0.1609375 0.47265625 0.0125 0.041015625
People 0.1 0.4775390625 0.015625 0.0498046875
Cars 0.2109375 0.4833984375 0.0203125 0.0341796875
Cars 0.184375 0.4794921875 0.009375 0.0302734375
Cars 0.1375 0.470703125 0.0171875 0.025390625
Cars 0.2984375 0.4580078125 0.0171875 0.0166015625
