People 0.6640625 0.455078125 0.0109375 0.041015625
People 0.65 0.466796875 0.009375 0.048828125
Cars 0.49140625 0.4970703125 0.06015625 0.0693359375
Cars 0.39765625 0.46484375 0.01484375 0.015625
People 0.2828125 0.470703125 0.00625 0.017578125
People 0.275 0.4697265625 0.0046875 0.0146484375
People 0.26171875 0.46875 0.00546875 0.01953125
People 0.3234375 0.4697265625 0.0046875 0.0146484375
People 0.309375 0.46875 0.0046875 0.013671875
People 0.3 0.4716796875 0.0046875 0.0126953125
People 0.23671875 0.47265625 0.00703125 0.0234375
People 0.2203125 0.4775390625 0.00625 0.0205078125
People 0.203125 0.474609375 0.00625 0.01953125
People 0.06171875 0.470703125 0.01015625 0.013671875
Bicycles 0.06328125 0.50390625 0.01171875 0.017578125
