People 0.7546875 0.4697265625 0.0140625 0.0224609375
People 0.603125 0.5234375 0.01875 0.068359375
People 0.4140625 0.466796875 0.009375 0.033203125
People 0.40078125 0.4658203125 0.01015625 0.0361328125
Cars 0.08671875 0.482421875 0.07890625 0.037109375
Cars 0.03671875 0.6474609375 0.03671875 0.1083984375
Cars 0.10390625 0.58203125 0.09140625 0.080078125
Cars 0.1953125 0.5390625 0.05625 0.060546875
Cars 0.253125 0.5146484375 0.0453125 0.0458984375
Cars 0.325 0.4951171875 0.0625 0.0341796875
Cars 0.6859375 0.52734375 0.06875 0.07421875
Cars 0.56875 0.4775390625 0.021875 0.0283203125
Cars 0.54921875 0.4658203125 0.02109375 0.0224609375
Cars 0.853125 0.62890625 0.140625 0.109375
Cars 0.9203125 0.771484375 0.078125 0.15625
Cars 0.9109375 0.4638671875 0.0609375 0.0322265625
Cars 0.84765625 0.466796875 0.02265625 0.02734375
Cars 0.5171875 0.4443359375 0.0125 0.0166015625
Cars 0.3578125 0.4599609375 0.028125 0.0263671875
Cars 0.58515625 0.494140625 0.01484375 0.03515625
People 0.428125 0.462890625 0.009375 0.03125
