Cars 0.66796875 0.4482421875 0.02578125 0.0517578125
Cars 0.409375 0.42578125 0.0125 0.0234375
Cars 0.334375 0.4365234375 0.025 0.0341796875
People 0.63515625 0.4560546875 0.01484375 0.0576171875
People 0.60703125 0.4521484375 0.01484375 0.0537109375
People 0.37265625 0.4326171875 0.01640625 0.0458984375
Cars 0.18828125 0.4287109375 0.03515625 0.0322265625
Cars 0.25859375 0.451171875 0.06015625 0.052734375
Cars 0.0734375 0.4169921875 0.0609375 0.0419921875
Cars 0.09609375 0.4013671875 0.05390625 0.0458984375
Cars 0.4328125 0.4296875 0.0125 0.021484375
Cars 0.45234375 0.4248046875 0.01171875 0.0185546875
Cars 0.46328125 0.419921875 0.01328125 0.01953125
Cars 0.58828125 0.4384765625 0.01171875 0.0224609375
Cars 0.58515625 0.427734375 0.01484375 0.02734375
