Cars 0.8734375 0.6259765625 0.1234375 0.2080078125
Cars 0.74453125 0.5703125 0.08046875 0.083984375
Cars 0.71015625 0.525390625 0.06640625 0.056640625
Cars 0.66796875 0.5029296875 0.04921875 0.0576171875
Cars 0.57578125 0.4658203125 0.02109375 0.0205078125
Cars 0.42734375 0.462890625 0.01015625 0.015625
Cars 0.271875 0.498046875 0.0421875 0.044921875
Cars 0.18046875 0.5205078125 0.08828125 0.0673828125
Cars 0.3984375 0.4697265625 0.0234375 0.0283203125
Cars 0.3453125 0.4658203125 0.0140625 0.0185546875
Cars 0.3625 0.4599609375 0.0109375 0.0185546875
Cars 0.29765625 0.4619140625 0.02421875 0.0224609375
People 0.4609375 0.4599609375 0.009375 0.0205078125
People 0.5421875 0.4638671875 0.009375 0.0205078125
People 0.53203125 0.46484375 0.00703125 0.0234375
