People 0.7453125 0.4765625 0.025 0.083984375
People 0.70546875 0.494140625 0.02421875 0.072265625
People 0.95078125 0.5234375 0.04765625 0.162109375
People 0.5953125 0.4580078125 0.0125 0.0439453125
People 0.17890625 0.4814453125 0.00859375 0.0244140625
Cars 0.81015625 0.46484375 0.02890625 0.037109375
Cars 0.90234375 0.451171875 0.04921875 0.068359375
Cars 0.3421875 0.59765625 0.278125 0.134765625
People 0.19453125 0.4775390625 0.01015625 0.0185546875
People 0.128125 0.48828125 0.0109375 0.017578125
People 0.11484375 0.4970703125 0.01171875 0.0263671875
Cars 0.45546875 0.4609375 0.01484375 0.013671875
People 0.55 0.45703125 0.009375 0.0234375
People 0.61953125 0.4619140625 0.01171875 0.0380859375
People 0.6296875 0.4658203125 0.0109375 0.0380859375
People 0.64765625 0.4599609375 0.01328125 0.0419921875
