Cars 0.08515625 0.5537109375 0.08515625 0.0830078125
Cars 0.20234375 0.5244140625 0.06171875 0.0634765625
Cars 0.30390625 0.494140625 0.04453125 0.041015625
Cars 0.55234375 0.4619140625 0.01796875 0.0166015625
Cars 0.6578125 0.51171875 0.053125 0.05078125
Cars 0.778125 0.4853515625 0.028125 0.0361328125
Cars 0.81953125 0.4990234375 0.04609375 0.0458984375
Bicycles 0.9609375 0.734375 0.0359375 0.076171875
Cars 0.35625 0.4853515625 0.021875 0.0322265625
Cars 0.38125 0.478515625 0.0140625 0.029296875
Cars 0.3953125 0.470703125 0.0265625 0.03125
Cars 0.44921875 0.4609375 0.01484375 0.017578125
Cars 0.47109375 0.4619140625 0.01171875 0.0146484375
