People 0.921875 0.4833984375 0.01875 0.0361328125
People 0.978125 0.47265625 0.01875 0.029296875
People 0.6140625 0.4677734375 0.009375 0.0263671875
Cars 0.39453125 0.466796875 0.02421875 0.021484375
Cars 0.0359375 0.4951171875 0.03125 0.0322265625
Cars 0.24453125 0.5009765625 0.10390625 0.0927734375
People 0.365625 0.466796875 0.00625 0.021484375
Cars 0.4546875 0.46484375 0.0265625 0.02734375
Cars 0.49921875 0.4609375 0.01171875 0.01171875
Bicycles 0.821875 0.544921875 0.028125 0.05078125
Cars 0.05546875 0.4580078125 0.02734375 0.0166015625
