Cars 0.93828125 0.388671875 0.06015625 0.025390625
Cars 0.80546875 0.4345703125 0.04296875 0.0166015625
Cars 0.83046875 0.5126953125 0.16796875 0.1064453125
People 0.67890625 0.4541015625 0.01484375 0.0556640625
Cars 0.54375 0.4599609375 0.03125 0.0341796875
Cars 0.5015625 0.4482421875 0.0109375 0.0205078125
Cars 0.48203125 0.44921875 0.01328125 0.017578125
Cars 0.4609375 0.4462890625 0.0109375 0.0166015625
Cars 0.40078125 0.4375 0.01171875 0.013671875
Cars 0.38046875 0.4423828125 0.01015625 0.0146484375
Cars 0.36640625 0.4501953125 0.01171875 0.0146484375
Cars 0.3375 0.4462890625 0.015625 0.0205078125
Cars 0.309375 0.4443359375 0.0125 0.0283203125
Cars 0.27421875 0.4541015625 0.03671875 0.0283203125
