Cars 0.39140625 0.4765625 0.03359375 0.029296875
Cars 0.2546875 0.474609375 0.0296875 0.025390625
Cars 0.2953125 0.4697265625 0.01875 0.0244140625
Cars 0.3078125 0.462890625 0.0171875 0.0234375
Cars 0.5140625 0.4716796875 0.0234375 0.0224609375
Bicycles 0.01171875 0.501953125 0.01015625 0.017578125
People 0.03203125 0.4833984375 0.01015625 0.0361328125
Bicycles 0.7296875 0.4921875 0.0140625 0.01953125
Cars 0.48984375 0.46875 0.01015625 0.021484375
Cars 0.4796875 0.462890625 0.0109375 0.021484375
Cars 0.4640625 0.4638671875 0.009375 0.0146484375
Cars 0.4515625 0.4638671875 0.009375 0.0146484375
Cars 0.43359375 0.4599609375 0.01015625 0.0126953125
Cars 0.3296875 0.466796875 0.00625 0.021484375
Cars 0.3390625 0.4638671875 0.00625 0.0185546875
Cars 0.35234375 0.4609375 0.00703125 0.017578125
Bicycles 0.05390625 0.5 0.01171875 0.01953125
