Cars 0.95703125 0.5263671875 0.04140625 0.0830078125
Cars 0.8875 0.48046875 0.1109375 0.09765625
Cars 0.8171875 0.4716796875 0.071875 0.0771484375
Cars 0.73828125 0.490234375 0.01015625 0.02734375
Cars 0.60234375 0.4970703125 0.12421875 0.1630859375
Cars 0.40625 0.4697265625 0.0734375 0.0771484375
People 0.25 0.4892578125 0.0453125 0.1376953125
Bicycles 0.2546875 0.650390625 0.0640625 0.087890625
Cars 0.103125 0.48046875 0.103125 0.126953125
Cars 0.0296875 0.49609375 0.0296875 0.12109375
Cars 0.30859375 0.4716796875 0.05078125 0.0888671875
Cars 0.3640625 0.4853515625 0.021875 0.0634765625
