Cars 0.834375 0.6376953125 0.1640625 0.1474609375
Cars 0.67421875 0.5185546875 0.06015625 0.0517578125
Cars 0.6171875 0.48828125 0.0390625 0.0390625
Cars 0.36171875 0.4658203125 0.01484375 0.0185546875
Cars 0.2546875 0.4931640625 0.0421875 0.0615234375
Cars 0.125 0.5263671875 0.1203125 0.1044921875
Cars 0.4484375 0.4609375 0.0203125 0.017578125
Cars 0.734375 0.470703125 0.0390625 0.033203125
Cars 0.31328125 0.484375 0.01484375 0.04296875
People 0.5203125 0.4716796875 0.00625 0.0224609375
People 0.50625 0.470703125 0.00625 0.0234375
People 0.4984375 0.4716796875 0.00625 0.0244140625
People 0.4125 0.462890625 0.00625 0.021484375
Cars 0.9734375 0.4931640625 0.0234375 0.0341796875
