Cars 0.8328125 0.515625 0.1578125 0.1171875
Cars 0.659375 0.48828125 0.065625 0.072265625
People 0.559375 0.470703125 0.009375 0.0234375
People 0.54453125 0.4716796875 0.00703125 0.0224609375
Cars 0.4609375 0.51171875 0.078125 0.080078125
Cars 0.375 0.478515625 0.0109375 0.013671875
Cars 0.35390625 0.478515625 0.01015625 0.01953125
Cars 0.31953125 0.482421875 0.02265625 0.025390625
People 0.2328125 0.4775390625 0.009375 0.0224609375
Cars 0.2671875 0.4833984375 0.0296875 0.0302734375
Cars 0.0515625 0.5126953125 0.0515625 0.0595703125
