Cars 0.31640625 0.4306640625 0.04140625 0.0361328125
Cars 0.178125 0.4248046875 0.0390625 0.0322265625
People 0.228125 0.4130859375 0.0109375 0.0419921875
People 0.259375 0.4140625 0.0125 0.04296875
People 0.43125 0.4990234375 0.0359375 0.1064453125
People 0.490625 0.50390625 0.025 0.09375
People 0.525 0.458984375 0.0171875 0.076171875
People 0.58828125 0.4375 0.02265625 0.044921875
People 0.55859375 0.5107421875 0.04140625 0.1103515625
People 0.62265625 0.5126953125 0.03359375 0.1044921875
People 0.715625 0.517578125 0.05 0.125
People 0.76484375 0.5087890625 0.03046875 0.1220703125
People 0.8375 0.5146484375 0.0375 0.1103515625
People 0.86640625 0.50390625 0.01640625 0.09765625
People 0.9046875 0.46875 0.0234375 0.08203125
People 0.9234375 0.541015625 0.0546875 0.12890625
People 0.96875 0.5087890625 0.0296875 0.1240234375
Cars 0.359375 0.4150390625 0.0125 0.0146484375
People 0.390625 0.4130859375 0.00625 0.0185546875
