People 0.26796875 0.5009765625 0.01484375 0.0654296875
Cars 0.24296875 0.5078125 0.01015625 0.02734375
Cars 0.29921875 0.4970703125 0.01796875 0.0361328125
Cars 0.05234375 0.5400390625 0.05234375 0.0830078125
Cars 0.38671875 0.4697265625 0.02421875 0.0283203125
Cars 0.82421875 0.4765625 0.02734375 0.02734375
Cars 0.909375 0.482421875 0.021875 0.02734375
Cars 0.58359375 0.46875 0.02265625 0.0234375
Cars 0.67421875 0.462890625 0.01640625 0.0234375
Cars 0.4390625 0.4638671875 0.0171875 0.0205078125
Cars 0.3328125 0.4873046875 0.0265625 0.0322265625
Cars 0.359375 0.478515625 0.021875 0.03125
Cars 0.4140625 0.4736328125 0.0140625 0.0205078125
Cars 0.4609375 0.4619140625 0.0125 0.0166015625
Cars 0.47734375 0.45703125 0.01171875 0.015625
People 0.5359375 0.4619140625 0.00625 0.0205078125
People 0.546875 0.4609375 0.0078125 0.0234375
Cars 0.9625 0.4765625 0.028125 0.052734375
