Cars 0.57578125 0.5205078125 0.04140625 0.0322265625
People 0.18515625 0.517578125 0.01328125 0.041015625
People 0.21640625 0.5146484375 0.01484375 0.0380859375
Cars 0.85546875 0.64453125 0.14296875 0.181640625
Cars 0.6234375 0.5166015625 0.0140625 0.0185546875
Cars 0.66953125 0.525390625 0.02578125 0.02734375
Cars 0.503125 0.5107421875 0.0109375 0.0126953125
Cars 0.4796875 0.51171875 0.009375 0.01171875
Cars 0.37578125 0.5185546875 0.01796875 0.0166015625
Cars 0.43515625 0.49609375 0.03359375 0.05078125
