Cars 0.784375 0.486328125 0.0265625 0.044921875
Cars 0.7421875 0.49609375 0.0125 0.025390625
Cars 0.71796875 0.4697265625 0.03046875 0.0458984375
Cars 0.4484375 0.470703125 0.0328125 0.029296875
People 0.646875 0.5341796875 0.03125 0.0908203125
People 0.5453125 0.501953125 0.0171875 0.05859375
People 0.51640625 0.4833984375 0.01484375 0.0537109375
Cars 0.23359375 0.458984375 0.05859375 0.037109375
Cars 0.1203125 0.439453125 0.0546875 0.03515625
Cars 0.5796875 0.4638671875 0.0125 0.0146484375
Cars 0.48828125 0.46875 0.01328125 0.021484375
