People 0.6015625 0.4560546875 0.01875 0.0517578125
People 0.57578125 0.4560546875 0.01328125 0.0478515625
People 0.5375 0.458984375 0.015625 0.044921875
People 0.46953125 0.501953125 0.06484375 0.154296875
People 0.24765625 0.47265625 0.02734375 0.056640625
People 0.11328125 0.4736328125 0.01796875 0.0576171875
Cars 0.15703125 0.4716796875 0.03984375 0.0302734375
Bicycles 0.546875 0.6015625 0.065625 0.09765625
Bicycles 0.38671875 0.607421875 0.06171875 0.103515625
People 0.084375 0.474609375 0.015625 0.05078125
People 0.0765625 0.451171875 0.009375 0.025390625
