Cars 0.8796875 0.556640625 0.1171875 0.099609375
People 0.971875 0.44921875 0.015625 0.03125
People 0.90078125 0.427734375 0.01640625 0.029296875
Cars 0.73515625 0.51953125 0.07734375 0.064453125
Cars 0.53671875 0.4736328125 0.02734375 0.0263671875
Cars 0.46484375 0.474609375 0.01484375 0.013671875
Cars 0.39765625 0.470703125 0.01328125 0.015625
Cars 0.3828125 0.4716796875 0.0109375 0.0146484375
Cars 0.35703125 0.474609375 0.01484375 0.015625
Cars 0.32109375 0.470703125 0.02109375 0.0234375
Cars 0.29375 0.484375 0.021875 0.021484375
Cars 0.1078125 0.4921875 0.08125 0.0703125
