People 0.60078125 0.486328125 0.01796875 0.091796875
People 0.62265625 0.50390625 0.01796875 0.087890625
People 0.653125 0.484375 0.015625 0.087890625
People 0.6890625 0.4921875 0.0203125 0.1015625
People 0.71875 0.5009765625 0.0265625 0.0986328125
People 0.7578125 0.4912109375 0.0234375 0.0966796875
People 0.5265625 0.455078125 0.01875 0.05078125
Cars 0.88046875 0.4833984375 0.11484375 0.0908203125
Cars 0.89453125 0.5185546875 0.10234375 0.1083984375
Cars 0.35546875 0.5615234375 0.16484375 0.1533203125
Cars 0.24765625 0.421875 0.03828125 0.02734375
Cars 0.1453125 0.466796875 0.09375 0.072265625
Cars 0.12109375 0.4912109375 0.05859375 0.0673828125
Cars 0.0578125 0.4921875 0.034375 0.083984375
Cars 0.0265625 0.498046875 0.025 0.12890625
People 0.559375 0.451171875 0.0109375 0.04296875
People 0.578125 0.4521484375 0.0140625 0.0517578125
