Cars 0.17109375 0.5498046875 0.08984375 0.0830078125
Cars 0.278125 0.51953125 0.0375 0.056640625
Cars 0.3234375 0.494140625 0.021875 0.033203125
Cars 0.34609375 0.4833984375 0.02734375 0.0341796875
Cars 0.471875 0.4619140625 0.021875 0.0205078125
Cars 0.68515625 0.5439453125 0.09140625 0.1005859375
Cars 0.78671875 0.650390625 0.13203125 0.126953125
Cars 0.88515625 0.7939453125 0.11328125 0.2041015625
Cars 0.5125 0.4462890625 0.015625 0.0166015625
Cars 0.375 0.484375 0.0109375 0.0234375
Cars 0.384375 0.4736328125 0.0171875 0.0263671875
Cars 0.396875 0.470703125 0.0125 0.025390625
Cars 0.4140625 0.466796875 0.009375 0.017578125
Cars 0.60546875 0.4912109375 0.02421875 0.0341796875
Cars 0.58125 0.4921875 0.0140625 0.029296875
Cars 0.63671875 0.4365234375 0.03046875 0.0126953125
Cars 0.5609375 0.4638671875 0.0203125 0.0263671875
People 0.5234375 0.458984375 0.009375 0.0234375
