Cars 0.24609375 0.4794921875 0.03359375 0.0263671875
Cars 0.296875 0.4736328125 0.0203125 0.0224609375
Cars 0.359375 0.466796875 0.0140625 0.013671875
Bicycles 0.83671875 0.515625 0.04140625 0.052734375
Bicycles 0.77109375 0.5185546875 0.03203125 0.0673828125
Bicycles 0.66171875 0.5 0.01171875 0.0390625
People 0.571875 0.4423828125 0.0078125 0.0146484375
People 0.15078125 0.4765625 0.01171875 0.04296875
People 0.484375 0.4658203125 0.0078125 0.0205078125
Bicycles 0.73515625 0.5234375 0.01171875 0.056640625
Bicycles 0.70703125 0.5234375 0.02421875 0.05078125
Bicycles 0.64140625 0.501953125 0.01171875 0.041015625
Bicycles 0.6046875 0.494140625 0.0109375 0.03125
People 0.58125 0.482421875 0.00625 0.025390625
Cars 0.33046875 0.470703125 0.01484375 0.015625
People 0.19609375 0.4677734375 0.01328125 0.0224609375
Bicycles 0.19296875 0.50390625 0.02109375 0.017578125
Bicycles 0.0734375 0.5263671875 0.01875 0.0302734375
Bicycles 0.0421875 0.51171875 0.0140625 0.03125
