Cars 0.5484375 0.478515625 0.0390625 0.041015625
Cars 0.1578125 0.48046875 0.025 0.044921875
Bicycles 0.19609375 0.541015625 0.01640625 0.033203125
Bicycles 0.2703125 0.5185546875 0.0109375 0.0302734375
Bicycles 0.30625 0.5048828125 0.0125 0.0263671875
Bicycles 0.06484375 0.5556640625 0.03515625 0.0458984375
Bicycles 0.5890625 0.6044921875 0.0515625 0.0537109375
Bicycles 0.7 0.59375 0.05 0.072265625
People 0.6359375 0.5126953125 0.0515625 0.0966796875
People 0.065625 0.48828125 0.034375 0.083984375
People 0.1984375 0.4912109375 0.0234375 0.0634765625
People 0.26328125 0.48046875 0.01484375 0.048828125
People 0.303125 0.4755859375 0.015625 0.0361328125
Cars 0.021875 0.50390625 0.01875 0.05859375
Cars 0.5078125 0.4814453125 0.0109375 0.0224609375
Cars 0.5015625 0.474609375 0.0140625 0.021484375
Cars 0.38828125 0.4736328125 0.01796875 0.0166015625
