People 0.384375 0.4814453125 0.01875 0.0458984375
People 0.165625 0.443359375 0.015625 0.037109375
People 0.1265625 0.4384765625 0.0140625 0.0380859375
People 0.77578125 0.4345703125 0.01015625 0.0341796875
Cars 0.52578125 0.52734375 0.07578125 0.080078125
Cars 0.5375 0.4287109375 0.015625 0.0166015625
Cars 0.79296875 0.5888671875 0.11484375 0.1044921875
Cars 0.9046875 0.7431640625 0.09375 0.2099609375
People 0.33203125 0.4267578125 0.01015625 0.0224609375
People 0.5734375 0.4189453125 0.009375 0.0205078125
Cars 0.4921875 0.4150390625 0.0125 0.0126953125
People 0.009375 0.5048828125 0.009375 0.0654296875
