People 0.6984375 0.4853515625 0.021875 0.0810546875
Cars 0.47109375 0.466796875 0.02421875 0.025390625
Cars 0.3515625 0.45703125 0.0171875 0.017578125
Cars 0.209375 0.466796875 0.0203125 0.01953125
People 0.2390625 0.4658203125 0.0140625 0.0380859375
People 0.0609375 0.47265625 0.0125 0.04296875
People 0.03515625 0.4765625 0.01328125 0.03515625
People 0.56484375 0.4560546875 0.01484375 0.0419921875
People 0.540625 0.439453125 0.0109375 0.03125
People 0.50546875 0.453125 0.01484375 0.0390625
People 0.60390625 0.447265625 0.01015625 0.037109375
People 0.61484375 0.4462890625 0.01171875 0.0341796875
Bicycles 0.584375 0.484375 0.0140625 0.017578125
Bicycles 0.54296875 0.4853515625 0.01328125 0.0185546875
Cars 0.42734375 0.45703125 0.01171875 0.013671875
Cars 0.40703125 0.45703125 0.01171875 0.01171875
