Cars 0.43046875 0.4873046875 0.02109375 0.0205078125
Cars 0.36875 0.4833984375 0.0234375 0.0224609375
People 0.5734375 0.4892578125 0.0140625 0.0517578125
People 0.5484375 0.48828125 0.0171875 0.05859375
People 0.709375 0.5126953125 0.0328125 0.1162109375
People 0.78671875 0.5126953125 0.03828125 0.1103515625
People 0.91171875 0.5234375 0.04453125 0.130859375
People 0.9734375 0.521484375 0.025 0.119140625
People 0.596875 0.4931640625 0.0140625 0.0380859375
People 0.52890625 0.4716796875 0.01328125 0.0263671875
