Bicycles 0.5546875 0.55859375 0.0203125 0.07421875
Bicycles 0.4515625 0.5546875 0.0140625 0.068359375
Bicycles 0.3640625 0.5078125 0.00625 0.02734375
People 0.4171875 0.47265625 0.0140625 0.056640625
People 0.9078125 0.4306640625 0.015625 0.0205078125
Cars 0.3078125 0.46875 0.0296875 0.025390625
Cars 0.0109375 0.5302734375 0.0109375 0.0673828125
Cars 0.0671875 0.498046875 0.0671875 0.06640625
People 0.18828125 0.4716796875 0.00703125 0.0224609375
Bicycles 0.79296875 0.5263671875 0.02421875 0.0830078125
Bicycles 0.8890625 0.541015625 0.021875 0.0546875
Bicycles 0.8453125 0.525390625 0.028125 0.076171875
Bicycles 0.73984375 0.5361328125 0.02734375 0.0771484375
Bicycles 0.6921875 0.50390625 0.0125 0.044921875
Bicycles 0.66484375 0.50390625 0.01484375 0.048828125
Bicycles 0.6375 0.49609375 0.0125 0.04296875
Bicycles 0.60625 0.498046875 0.0203125 0.0390625
People 0.55625 0.4150390625 0.03125 0.0732421875
People 0.44921875 0.43359375 0.02421875 0.064453125
People 0.3625 0.44921875 0.0140625 0.03125
