People 0.934375 0.494140625 0.021875 0.080078125
People 0.6125 0.4814453125 0.0078125 0.0244140625
Cars 0.5359375 0.4833984375 0.0234375 0.0263671875
Cars 0.50625 0.4716796875 0.00625 0.0068359375
Cars 0.484375 0.4912109375 0.0203125 0.0224609375
Cars 0.4359375 0.4833984375 0.009375 0.0126953125
Cars 0.39765625 0.4853515625 0.01328125 0.0126953125
Cars 0.32890625 0.494140625 0.02109375 0.029296875
Cars 0.28203125 0.4951171875 0.02890625 0.0400390625
Cars 0.2296875 0.5068359375 0.028125 0.0380859375
Cars 0.1015625 0.4765625 0.1015625 0.205078125
