People 0.61640625 0.4697265625 0.01015625 0.0361328125
People 0.63984375 0.462890625 0.01171875 0.048828125
People 0.659375 0.4697265625 0.0109375 0.0419921875
Cars 0.80859375 0.4638671875 0.02890625 0.0341796875
Cars 0.925 0.44921875 0.0734375 0.072265625
Cars 0.95 0.490234375 0.0484375 0.060546875
People 0.16875 0.48828125 0.009375 0.03125
People 0.1140625 0.4912109375 0.0109375 0.0283203125
People 0.37578125 0.462890625 0.00546875 0.013671875
People 0.55 0.4580078125 0.0078125 0.0224609375
People 0.38203125 0.4619140625 0.00703125 0.0146484375
Cars 0.4015625 0.4638671875 0.0140625 0.0146484375
Cars 0.72734375 0.4580078125 0.01796875 0.0224609375
People 0.12734375 0.490234375 0.01015625 0.015625
