Cars 0.77890625 0.421875 0.03359375 0.0390625
Cars 0.89453125 0.435546875 0.09921875 0.056640625
People 0.0234375 0.4443359375 0.021875 0.0673828125
Cars 0.0640625 0.4189453125 0.0640625 0.0478515625
People 0.0890625 0.45703125 0.0203125 0.056640625
People 0.1484375 0.4384765625 0.0171875 0.0224609375
People 0.175 0.4296875 0.0125 0.021484375
People 0.2125 0.4443359375 0.0234375 0.0615234375
People 0.2625 0.4423828125 0.025 0.0478515625
Bicycles 0.26953125 0.4658203125 0.02890625 0.0224609375
Bicycles 0.0296875 0.4951171875 0.028125 0.0283203125
People 0.36328125 0.42578125 0.01484375 0.01953125
People 0.4078125 0.42578125 0.0171875 0.03515625
Bicycles 0.3640625 0.4599609375 0.015625 0.0205078125
