Cars 0.72734375 0.53515625 0.06484375 0.064453125
Cars 0.40078125 0.4970703125 0.02578125 0.0322265625
Cars 0.3765625 0.5009765625 0.0171875 0.0341796875
Cars 0.33125 0.5029296875 0.0375 0.0498046875
Cars 0.25546875 0.5185546875 0.07109375 0.0537109375
Cars 0.084375 0.5361328125 0.0828125 0.1240234375
People 0.434375 0.48828125 0.0109375 0.03515625
People 0.453125 0.494140625 0.0109375 0.033203125
People 0.61015625 0.4951171875 0.01171875 0.0517578125
People 0.596875 0.49609375 0.015625 0.0546875
People 0.65 0.51171875 0.03125 0.09375
Cars 0.46484375 0.47265625 0.01484375 0.01953125
Cars 0.55390625 0.4794921875 0.01640625 0.0166015625
Cars 0.8578125 0.5107421875 0.0140625 0.0263671875
