People 0.475 0.4609375 0.009375 0.021484375
People 0.484375 0.458984375 0.009375 0.0234375
People 0.4984375 0.4609375 0.009375 0.025390625
People 0.678125 0.4619140625 0.009375 0.0166015625
Bicycles 0.55546875 0.6181640625 0.01796875 0.0517578125
Cars 0.6265625 0.4892578125 0.021875 0.0322265625
Cars 0.58203125 0.4951171875 0.02421875 0.0322265625
Cars 0.6671875 0.5126953125 0.0484375 0.0380859375
Cars 0.7453125 0.482421875 0.0296875 0.02734375
Cars 0.75546875 0.4921875 0.02734375 0.037109375
Cars 0.90859375 0.4775390625 0.07421875 0.0224609375
People 0.68203125 0.59375 0.03359375 0.09375
Cars 0.8765625 0.6435546875 0.121875 0.1513671875
People 0.5671875 0.5576171875 0.0328125 0.0888671875
Cars 0.43984375 0.4736328125 0.02109375 0.0205078125
Cars 0.425 0.486328125 0.0125 0.02734375
Cars 0.4 0.48828125 0.0234375 0.033203125
Cars 0.3578125 0.4853515625 0.040625 0.0458984375
Cars 0.3375 0.517578125 0.0296875 0.044921875
Cars 0.27421875 0.5263671875 0.05390625 0.0654296875
Cars 0.16875 0.568359375 0.09375 0.08984375
