People 0.03515625 0.509765625 0.01328125 0.037109375
People 0.015625 0.509765625 0.0109375 0.041015625
People 0.6171875 0.46875 0.009375 0.033203125
People 0.72265625 0.474609375 0.02109375 0.072265625
People 0.7578125 0.48046875 0.0203125 0.076171875
People 0.778125 0.474609375 0.015625 0.072265625
Cars 0.4984375 0.5166015625 0.059375 0.0615234375
Cars 0.43984375 0.46484375 0.01640625 0.017578125
Cars 0.81484375 0.4638671875 0.02734375 0.0361328125
Cars 0.92578125 0.4482421875 0.07265625 0.0732421875
Cars 0.95078125 0.4873046875 0.04765625 0.0595703125
People 0.125 0.4912109375 0.0125 0.0166015625
People 0.57890625 0.4599609375 0.01015625 0.0263671875
Cars 0.6453125 0.451171875 0.015625 0.017578125
