Cars 0.96875 0.4716796875 0.0296875 0.0322265625
Cars 0.91796875 0.4541015625 0.01796875 0.0458984375
People 0.8859375 0.46875 0.0171875 0.078125
Cars 0.846875 0.4453125 0.0203125 0.04296875
People 0.765625 0.4443359375 0.0125 0.0517578125
People 0.74453125 0.4443359375 0.01328125 0.0537109375
People 0.66484375 0.416015625 0.01015625 0.029296875
People 0.64375 0.416015625 0.009375 0.033203125
People 0.63046875 0.4169921875 0.01015625 0.0322265625
People 0.61171875 0.423828125 0.01015625 0.033203125
People 0.60390625 0.427734375 0.01015625 0.025390625
People 0.584375 0.423828125 0.009375 0.025390625
People 0.5671875 0.4150390625 0.009375 0.0166015625
People 0.55 0.4208984375 0.009375 0.0224609375
People 0.521875 0.4296875 0.009375 0.02734375
Cars 0.44921875 0.4443359375 0.01640625 0.0126953125
People 0.259375 0.443359375 0.009375 0.017578125
People 0.23984375 0.4365234375 0.01015625 0.0224609375
People 0.225 0.4365234375 0.0109375 0.0263671875
People 0.2046875 0.4345703125 0.009375 0.0263671875
People 0.18828125 0.4365234375 0.01015625 0.0283203125
Cars 0.0671875 0.4912109375 0.0671875 0.0751953125
