Cars 0.5046875 0.455078125 0.0140625 0.013671875
People 0.73359375 0.4736328125 0.01484375 0.0302734375
Cars 0.7953125 0.5703125 0.0921875 0.09375
Cars 0.90546875 0.6376953125 0.09296875 0.1474609375
Cars 0.5890625 0.478515625 0.0234375 0.025390625
Cars 0.553125 0.4609375 0.0125 0.013671875
Cars 0.68359375 0.5078125 0.05390625 0.048828125
Cars 0.0734375 0.5380859375 0.0734375 0.1220703125
Cars 0.1921875 0.5263671875 0.0578125 0.0693359375
Cars 0.25 0.4921875 0.0546875 0.06640625
Cars 0.353125 0.47265625 0.05625 0.03125
Cars 0.4171875 0.46484375 0.0203125 0.0234375
Cars 0.4390625 0.4658203125 0.0109375 0.0166015625
Cars 0.44453125 0.4599609375 0.01484375 0.0185546875
People 0.4765625 0.4560546875 0.00625 0.0185546875
Cars 0.93125 0.4814453125 0.059375 0.0185546875
