People 0.23984375 0.515625 0.04765625 0.1328125
People 0.85625 0.48828125 0.025 0.10546875
People 0.79609375 0.4892578125 0.02890625 0.1123046875
Cars 0.93828125 0.4482421875 0.06015625 0.0751953125
Cars 0.95234375 0.490234375 0.04609375 0.05859375
People 0.66796875 0.435546875 0.01015625 0.017578125
People 0.61953125 0.46484375 0.01015625 0.03125
People 0.63515625 0.4638671875 0.01015625 0.0322265625
Cars 0.64765625 0.4482421875 0.01015625 0.0146484375
People 0.55 0.4580078125 0.009375 0.0224609375
Cars 0.72578125 0.4619140625 0.01796875 0.0322265625
People 0.16953125 0.4873046875 0.01015625 0.0263671875
People 0.11328125 0.4912109375 0.01015625 0.0263671875
