People 0.7515625 0.525390625 0.034375 0.119140625
People 0.6484375 0.4931640625 0.0171875 0.0654296875
People 0.303125 0.4345703125 0.0140625 0.0166015625
Cars 0.90234375 0.615234375 0.09296875 0.12109375
Cars 0.9140625 0.4931640625 0.084375 0.0654296875
Cars 0.26796875 0.5009765625 0.06640625 0.0537109375
Cars 0.3546875 0.490234375 0.034375 0.04296875
Cars 0.40390625 0.4716796875 0.02421875 0.0361328125
Cars 0.4375 0.4609375 0.0171875 0.029296875
Cars 0.47265625 0.455078125 0.02109375 0.0234375
Cars 0.69765625 0.4638671875 0.02421875 0.0224609375
Cars 0.82578125 0.4814453125 0.03671875 0.0478515625
Cars 0.4921875 0.4501953125 0.0125 0.0146484375
Cars 0.4953125 0.44140625 0.0140625 0.015625
Cars 0.5953125 0.4482421875 0.0140625 0.0146484375
People 0.66328125 0.466796875 0.01171875 0.0390625
