Cars 0.88359375 0.623046875 0.11484375 0.236328125
Cars 0.71640625 0.4951171875 0.07421875 0.0791015625
Cars 0.6328125 0.490234375 0.0296875 0.041015625
Cars 0.5984375 0.458984375 0.025 0.029296875
People 0.5484375 0.4091796875 0.00625 0.0185546875
Cars 0.55390625 0.3857421875 0.01328125 0.0126953125
Cars 0.4765625 0.3896484375 0.0125 0.0126953125
Cars 0.5234375 0.4794921875 0.0328125 0.0361328125
Cars 0.43125 0.4404296875 0.01875 0.0224609375
Cars 0.3984375 0.47265625 0.0234375 0.02734375
Cars 0.34296875 0.5078125 0.04765625 0.04296875
Cars 0.17734375 0.51953125 0.10859375 0.095703125
