Bicycles 0.05546875 0.6650390625 0.05546875 0.0751953125
Cars 0.61640625 0.498046875 0.04140625 0.037109375
Cars 0.57890625 0.4921875 0.01484375 0.029296875
Cars 0.56015625 0.490234375 0.01640625 0.02734375
Cars 0.19921875 0.5048828125 0.04765625 0.0400390625
Cars 0.2484375 0.5 0.0203125 0.033203125
Cars 0.28046875 0.4912109375 0.03203125 0.0361328125
Cars 0.3140625 0.482421875 0.025 0.033203125
Cars 0.340625 0.4794921875 0.009375 0.0263671875
Cars 0.48046875 0.4736328125 0.01796875 0.0146484375
Cars 0.5390625 0.478515625 0.0109375 0.029296875
Cars 0.51953125 0.4833984375 0.01171875 0.0185546875
Cars 0.50703125 0.4765625 0.01015625 0.015625
Cars 0.35859375 0.4853515625 0.01015625 0.0224609375
Cars 0.3796875 0.4794921875 0.0109375 0.0185546875
Cars 0.39453125 0.4794921875 0.00703125 0.0126953125
Cars 0.40625 0.4755859375 0.0078125 0.0107421875
People 0.42421875 0.470703125 0.00390625 0.009765625
Cars 0.44609375 0.48046875 0.01640625 0.015625
People 0.03515625 0.4755859375 0.03515625 0.1123046875
