Cars 0.9484375 0.708984375 0.05 0.154296875
People 0.8484375 0.6025390625 0.034375 0.0791015625
People 0.78359375 0.5654296875 0.02421875 0.1064453125
Cars 0.753125 0.5439453125 0.1359375 0.1005859375
Cars 0.6359375 0.4990234375 0.071875 0.0810546875
Cars 0.56171875 0.4873046875 0.02265625 0.0615234375
Cars 0.496875 0.4697265625 0.025 0.0341796875
Cars 0.4625 0.478515625 0.0296875 0.03125
Cars 0.40234375 0.4775390625 0.01484375 0.0146484375
Cars 0.2265625 0.451171875 0.0203125 0.013671875
Cars 0.28515625 0.4951171875 0.07109375 0.0693359375
Cars 0.140625 0.4990234375 0.06875 0.0712890625
