Cars 0.184375 0.5283203125 0.1171875 0.0810546875
Cars 0.46015625 0.4599609375 0.01640625 0.0166015625
Cars 0.496875 0.462890625 0.0171875 0.015625
People 0.621875 0.484375 0.015625 0.052734375
Cars 0.515625 0.458984375 0.0109375 0.01171875
Cars 0.2140625 0.4375 0.05 0.013671875
Cars 0.29921875 0.484375 0.02578125 0.029296875
People 0.63984375 0.46875 0.00703125 0.029296875
People 0.66171875 0.47265625 0.00859375 0.029296875
People 0.6515625 0.4697265625 0.00625 0.0302734375
People 0.74140625 0.48046875 0.01484375 0.021484375
People 0.40234375 0.458984375 0.00703125 0.017578125
People 0.38359375 0.4560546875 0.01015625 0.0224609375
People 0.36953125 0.4580078125 0.01015625 0.0224609375
Bicycles 0.621875 0.51953125 0.009375 0.03125
