People 0.78828125 0.484375 0.02578125 0.0859375
People 0.75 0.462890625 0.0171875 0.048828125
Cars 0.496875 0.4716796875 0.0328125 0.0537109375
Cars 0.41796875 0.4814453125 0.07265625 0.0810546875
Cars 0.33828125 0.482421875 0.03046875 0.041015625
Cars 0.22734375 0.484375 0.05859375 0.041015625
Cars 0.121875 0.4921875 0.071875 0.056640625
Cars 0.04296875 0.486328125 0.04296875 0.080078125
People 0.68125 0.4423828125 0.0140625 0.0205078125
People 0.66171875 0.439453125 0.01015625 0.015625
People 0.6453125 0.44140625 0.0109375 0.017578125
