Cars 0.47265625 0.45703125 0.03828125 0.033203125
Cars 0.51640625 0.4560546875 0.01484375 0.0263671875
Cars 0.54453125 0.4541015625 0.01640625 0.0224609375
Cars 0.57734375 0.4521484375 0.02265625 0.0205078125
Cars 0.85625 0.46875 0.0609375 0.05859375
Cars 0.87734375 0.48828125 0.03671875 0.048828125
Cars 0.96953125 0.4892578125 0.02890625 0.0654296875
Cars 0.7265625 0.4638671875 0.0328125 0.0361328125
People 0.67265625 0.4833984375 0.02265625 0.0615234375
People 0.63671875 0.4599609375 0.01328125 0.0478515625
People 0.6203125 0.451171875 0.0109375 0.041015625
Cars 0.26171875 0.4482421875 0.01640625 0.0439453125
Cars 0.18125 0.44140625 0.0625 0.048828125
