People 0.52265625 0.45703125 0.01640625 0.046875
People 0.49453125 0.4521484375 0.01484375 0.0458984375
People 0.4703125 0.455078125 0.0125 0.044921875
People 0.55234375 0.47265625 0.01796875 0.06640625
People 0.584375 0.46484375 0.0140625 0.06640625
Cars 0.7578125 0.4599609375 0.0390625 0.0322265625
Cars 0.87265625 0.4599609375 0.04140625 0.0419921875
People 0.64765625 0.4697265625 0.02421875 0.0673828125
Cars 0.0140625 0.44140625 0.0140625 0.025390625
Cars 0.1109375 0.5166015625 0.090625 0.0927734375
People 0.3984375 0.4501953125 0.015625 0.0439453125
People 0.4328125 0.4541015625 0.0140625 0.0458984375
People 0.93671875 0.470703125 0.03359375 0.091796875
People 0.7078125 0.466796875 0.015625 0.060546875
People 0.67109375 0.4677734375 0.01484375 0.0634765625
