People 0.7171875 0.4697265625 0.0171875 0.0576171875
People 0.6828125 0.470703125 0.0140625 0.04296875
Cars 0.4546875 0.4775390625 0.071875 0.0810546875
Cars 0.1984375 0.482421875 0.0421875 0.04296875
Cars 0.0921875 0.4765625 0.084375 0.064453125
People 0.94375 0.4306640625 0.0125 0.0458984375
People 0.91328125 0.451171875 0.01328125 0.033203125
People 0.58671875 0.4609375 0.00859375 0.0234375
Cars 0.3671875 0.462890625 0.015625 0.021484375
Cars 0.3203125 0.4619140625 0.0140625 0.0185546875
Cars 0.29140625 0.4619140625 0.01640625 0.0224609375
Cars 0.26015625 0.4677734375 0.01796875 0.0205078125
