Bicycles 0.684375 0.5341796875 0.0546875 0.0458984375
People 0.81875 0.505859375 0.015625 0.041015625
Bicycles 0.27421875 0.509765625 0.01015625 0.021484375
People 0.2796875 0.4794921875 0.0140625 0.0341796875
Cars 0.640625 0.5009765625 0.0515625 0.0458984375
Cars 0.58671875 0.4892578125 0.01796875 0.0322265625
Cars 0.56953125 0.4765625 0.01484375 0.021484375
Cars 0.53671875 0.453125 0.01796875 0.021484375
Cars 0.4671875 0.458984375 0.01875 0.025390625
Cars 0.3921875 0.4638671875 0.0234375 0.0302734375
Bicycles 0.78359375 0.5576171875 0.02109375 0.0498046875
Bicycles 0.0390625 0.5224609375 0.0390625 0.0361328125
