People 0.7328125 0.5283203125 0.0390625 0.1376953125
People 0.67421875 0.525390625 0.03515625 0.140625
Cars 0.91875 0.5 0.078125 0.166015625
Cars 0.60703125 0.4892578125 0.04921875 0.0615234375
Cars 0.540625 0.48046875 0.034375 0.0546875
Cars 0.48125 0.4775390625 0.028125 0.0478515625
Cars 0.44921875 0.4765625 0.02265625 0.044921875
Cars 0.41953125 0.4755859375 0.02109375 0.0380859375
Cars 0.28125 0.568359375 0.165625 0.162109375
Cars 0.0890625 0.484375 0.0546875 0.07421875
Cars 0.040625 0.4951171875 0.040625 0.0791015625
