Bicycles 0.9390625 0.537109375 0.0375 0.04296875
Bicycles 0.89765625 0.53515625 0.02890625 0.0390625
Bicycles 0.33671875 0.5126953125 0.01796875 0.0380859375
People 0.62421875 0.556640625 0.02421875 0.08203125
People 0.3625 0.474609375 0.0125 0.041015625
People 0.33515625 0.4638671875 0.01171875 0.0341796875
Cars 0.2140625 0.4912109375 0.05625 0.0361328125
Cars 0.1203125 0.4794921875 0.0484375 0.0322265625
Cars 0.05 0.4677734375 0.034375 0.0302734375
People 0.878125 0.4599609375 0.0109375 0.0263671875
People 0.8890625 0.46875 0.0109375 0.01953125
People 0.22734375 0.4423828125 0.01328125 0.0185546875
Bicycles 0.31015625 0.5322265625 0.01015625 0.0224609375
Bicycles 0.28984375 0.52734375 0.01015625 0.021484375
