People 0.9703125 0.62890625 0.0265625 0.326171875
People 0.865625 0.6123046875 0.0875 0.3798828125
Cars 0.7109375 0.544921875 0.0859375 0.134765625
Cars 0.58984375 0.5244140625 0.08515625 0.1142578125
Cars 0.571875 0.478515625 0.15625 0.119140625
Cars 0.39765625 0.5 0.03203125 0.064453125
Cars 0.359375 0.5029296875 0.01875 0.0361328125
Cars 0.321875 0.4931640625 0.09375 0.0673828125
Cars 0.25078125 0.4697265625 0.05703125 0.0439453125
Cars 0.1828125 0.482421875 0.01875 0.029296875
Cars 0.14921875 0.48828125 0.01640625 0.025390625
