People 0.97578125 0.521484375 0.02109375 0.0625
People 0.06875 0.478515625 0.0109375 0.04296875
People 0.053125 0.4814453125 0.0109375 0.0439453125
People 0.01171875 0.4853515625 0.01015625 0.0419921875
People 0.10625 0.4814453125 0.0125 0.0380859375
Cars 0.46953125 0.525390625 0.09609375 0.099609375
Cars 0.2421875 0.5166015625 0.0734375 0.0576171875
People 0.8125 0.490234375 0.0109375 0.04296875
People 0.8359375 0.486328125 0.0140625 0.044921875
People 0.75234375 0.4931640625 0.01171875 0.0595703125
People 0.1234375 0.4775390625 0.00625 0.0302734375
