People 0.66953125 0.5029296875 0.02109375 0.0693359375
People 0.6046875 0.4814453125 0.0109375 0.0107421875
Bicycles 0.6078125 0.5068359375 0.009375 0.0126953125
Cars 0.553125 0.5126953125 0.0453125 0.0419921875
Cars 0.48046875 0.4912109375 0.01640625 0.0185546875
Cars 0.4609375 0.4873046875 0.0109375 0.0146484375
Cars 0.4234375 0.486328125 0.01875 0.01171875
Cars 0.40390625 0.48046875 0.01015625 0.01171875
Cars 0.36640625 0.4951171875 0.02578125 0.0341796875
Cars 0.35625 0.5068359375 0.0171875 0.0263671875
Cars 0.31796875 0.5078125 0.02734375 0.03515625
Cars 0.28359375 0.5224609375 0.02890625 0.0439453125
Cars 0.1546875 0.53515625 0.1125 0.103515625
