People 0.74609375 0.48828125 0.01640625 0.041015625
People 0.33828125 0.4716796875 0.01171875 0.0341796875
People 0.30625 0.4619140625 0.0109375 0.0224609375
People 0.29453125 0.47265625 0.01171875 0.029296875
People 0.27734375 0.4697265625 0.01171875 0.0302734375
Cars 0.65625 0.4990234375 0.0390625 0.0380859375
Cars 0.9765625 0.5810546875 0.021875 0.0419921875
Cars 0.60546875 0.48046875 0.02421875 0.025390625
Cars 0.50078125 0.44921875 0.01328125 0.017578125
Cars 0.4484375 0.455078125 0.0203125 0.021484375
