People 0.07265625 0.48828125 0.01484375 0.033203125
People 0.5375 0.4580078125 0.009375 0.0302734375
People 0.5234375 0.45703125 0.009375 0.03125
Cars 0.840625 0.62109375 0.1390625 0.1328125
Cars 0.6984375 0.5625 0.059375 0.068359375
Cars 0.665625 0.5361328125 0.0421875 0.0517578125
Cars 0.63125 0.4951171875 0.0546875 0.0537109375
Cars 0.57890625 0.4736328125 0.02890625 0.0341796875
Cars 0.38828125 0.46484375 0.02421875 0.03125
Cars 0.321875 0.494140625 0.0234375 0.033203125
Cars 0.30234375 0.5078125 0.02734375 0.041015625
Cars 0.2203125 0.5234375 0.065625 0.068359375
Cars 0.10859375 0.587890625 0.08828125 0.076171875
Cars 0.0390625 0.642578125 0.0390625 0.099609375
Cars 0.4234375 0.453125 0.0109375 0.01953125
Cars 0.70546875 0.4697265625 0.02578125 0.0205078125
