Cars 0.94296875 0.5205078125 0.05546875 0.0810546875
Cars 0.87109375 0.4794921875 0.12734375 0.0888671875
Cars 0.803125 0.4755859375 0.065625 0.0732421875
Cars 0.59375 0.490234375 0.1125 0.1484375
Cars 0.41015625 0.4677734375 0.06796875 0.0751953125
People 0.33359375 0.4736328125 0.04140625 0.1220703125
Bicycles 0.328125 0.6025390625 0.0390625 0.0830078125
Cars 0.17265625 0.48046875 0.11640625 0.1171875
Cars 0.29375 0.46875 0.10625 0.078125
Cars 0.05625 0.5068359375 0.05625 0.1630859375
Cars 0.72265625 0.482421875 0.01484375 0.021484375
