People 0.68359375 0.5048828125 0.01171875 0.0302734375
People 0.65859375 0.51953125 0.01171875 0.0546875
Cars 0.8390625 0.5703125 0.159375 0.1328125
Cars 0.64609375 0.5234375 0.07734375 0.068359375
Cars 0.596875 0.498046875 0.053125 0.05859375
Cars 0.54140625 0.4931640625 0.01484375 0.0439453125
Cars 0.496875 0.4765625 0.01875 0.029296875
Cars 0.46015625 0.4833984375 0.02578125 0.0263671875
Cars 0.365625 0.4853515625 0.0328125 0.0361328125
Cars 0.3171875 0.4931640625 0.015625 0.0263671875
Cars 0.27734375 0.4892578125 0.02578125 0.0439453125
Cars 0.2140625 0.501953125 0.0546875 0.0546875
Cars 0.01953125 0.564453125 0.01953125 0.0625
