Cars 0.03359375 0.642578125 0.03359375 0.09375
Cars 0.08359375 0.6015625 0.08359375 0.080078125
Cars 0.23203125 0.529296875 0.06015625 0.056640625
Cars 0.29609375 0.5 0.04609375 0.046875
Cars 0.3578125 0.490234375 0.0328125 0.029296875
Cars 0.49296875 0.4404296875 0.01484375 0.0126953125
People 0.4265625 0.466796875 0.0125 0.033203125
Cars 0.8484375 0.666015625 0.1484375 0.16796875
Cars 0.71484375 0.591796875 0.06328125 0.091796875
Cars 0.63515625 0.5126953125 0.05078125 0.0439453125
People 0.6828125 0.4638671875 0.0109375 0.0361328125
Cars 0.59765625 0.4736328125 0.03359375 0.0322265625
Cars 0.56484375 0.4609375 0.01796875 0.0234375
