People 0.9265625 0.439453125 0.021875 0.029296875
Bicycles 0.92578125 0.5771484375 0.05390625 0.1044921875
Bicycles 0.76875 0.5185546875 0.0375 0.0771484375
Bicycles 0.63828125 0.58984375 0.02734375 0.103515625
Bicycles 0.515625 0.5888671875 0.01875 0.0927734375
Bicycles 0.39140625 0.49609375 0.00859375 0.03515625
Bicycles 0.68359375 0.4921875 0.00859375 0.0390625
Bicycles 0.7234375 0.49609375 0.0171875 0.03125
Bicycles 0.8265625 0.51953125 0.01875 0.0625
Bicycles 0.85078125 0.5234375 0.01171875 0.05859375
Bicycles 0.9890625 0.552734375 0.009375 0.0859375
People 0.9828125 0.443359375 0.009375 0.015625
People 0.9640625 0.4462890625 0.0109375 0.0185546875
People 0.63828125 0.39453125 0.04296875 0.09765625
People 0.5875 0.4423828125 0.0109375 0.0302734375
Bicycles 0.58671875 0.4853515625 0.01171875 0.0185546875
People 0.51171875 0.421875 0.03671875 0.078125
People 0.39296875 0.4365234375 0.01484375 0.0283203125
People 0.3125 0.443359375 0.00625 0.01171875
