Cars 0.9328125 0.76953125 0.0625 0.091796875
Cars 0.9484375 0.5283203125 0.0484375 0.0517578125
People 0.7390625 0.5234375 0.0203125 0.04296875
People 0.6875 0.513671875 0.0171875 0.046875
Dogs 0.66328125 0.546875 0.01328125 0.017578125
Cars 0.44921875 0.4990234375 0.02890625 0.0380859375
Cars 0.434375 0.486328125 0.0265625 0.029296875
Cars 0.19921875 0.486328125 0.03046875 0.03125
Cars 0.2265625 0.4697265625 0.0171875 0.0283203125
Cars 0.134375 0.4580078125 0.015625 0.0263671875
Cars 0.115625 0.46484375 0.0203125 0.029296875
Cars 0.05859375 0.46484375 0.02890625 0.037109375
Cars 0.05546875 0.615234375 0.05234375 0.1171875
People 0.2671875 0.458984375 0.009375 0.021484375
People 0.284375 0.458984375 0.009375 0.021484375
