Cars 0.915625 0.5185546875 0.0828125 0.0810546875
Cars 0.91015625 0.82421875 0.08671875 0.173828125
Cars 0.8453125 0.6669921875 0.153125 0.1376953125
Cars 0.35546875 0.4853515625 0.02890625 0.0302734375
Cars 0.29921875 0.4658203125 0.01796875 0.0224609375
Cars 0.05859375 0.5224609375 0.05859375 0.0498046875
People 0.27578125 0.5224609375 0.01796875 0.0595703125
People 0.2390625 0.4736328125 0.0109375 0.0263671875
People 0.6671875 0.45703125 0.009375 0.025390625
People 0.63046875 0.455078125 0.01015625 0.025390625
People 0.6515625 0.4560546875 0.0125 0.0283203125
Bicycles 0.27109375 0.57421875 0.01796875 0.048828125
Cars 0.04921875 0.48046875 0.04921875 0.025390625
Cars 0.559375 0.4736328125 0.0390625 0.0205078125
People 0.55625 0.4462890625 0.009375 0.0146484375
Cars 0.45078125 0.47265625 0.01796875 0.017578125
Cars 0.43359375 0.46484375 0.01328125 0.015625
Cars 0.4140625 0.4619140625 0.0125 0.0146484375
Bicycles 0.81796875 0.513671875 0.02578125 0.021484375
