People 0.46953125 0.4736328125 0.02265625 0.0654296875
People 0.5921875 0.474609375 0.021875 0.0703125
People 0.62734375 0.47265625 0.01484375 0.05078125
People 0.65234375 0.4873046875 0.01328125 0.0341796875
People 0.86875 0.4990234375 0.025 0.0615234375
People 0.915625 0.5029296875 0.025 0.0673828125
People 0.26484375 0.4609375 0.01171875 0.0390625
Cars 0.41328125 0.44140625 0.03671875 0.025390625
Cars 0.35 0.455078125 0.0125 0.01171875
People 0.9609375 0.490234375 0.01875 0.0390625
People 0.796875 0.5048828125 0.01875 0.0458984375
Cars 0.11953125 0.4638671875 0.03671875 0.0380859375
Cars 0.67421875 0.4697265625 0.03203125 0.0361328125
