Cars 0.86328125 0.541015625 0.13515625 0.162109375
Cars 0.59375 0.49609375 0.0375 0.037109375
Cars 0.48515625 0.48046875 0.04296875 0.037109375
Cars 0.43046875 0.4931640625 0.01015625 0.0126953125
Cars 0.40546875 0.4921875 0.01328125 0.01171875
Cars 0.38203125 0.4912109375 0.01171875 0.0126953125
Cars 0.3453125 0.4833984375 0.021875 0.0224609375
People 0.24296875 0.4814453125 0.01015625 0.0224609375
People 0.225 0.4853515625 0.009375 0.0224609375
People 0.20859375 0.4892578125 0.01015625 0.0185546875
People 0.18203125 0.490234375 0.01015625 0.017578125
People 0.1578125 0.4912109375 0.009375 0.0185546875
Cars 0.075 0.5458984375 0.075 0.0869140625
