People 0.74140625 0.48828125 0.01171875 0.04296875
People 0.40234375 0.458984375 0.01171875 0.0234375
People 0.640625 0.4638671875 0.009375 0.0341796875
People 0.61015625 0.462890625 0.01171875 0.03125
People 0.4234375 0.4638671875 0.0109375 0.0263671875
People 0.325 0.453125 0.009375 0.02734375
People 0.66328125 0.4541015625 0.01015625 0.0283203125
Bicycles 0.9234375 0.634765625 0.028125 0.07421875
Cars 0.52109375 0.4580078125 0.01328125 0.0126953125
People 0.75625 0.4814453125 0.009375 0.0283203125
