People 0.24921875 0.4638671875 0.01484375 0.0224609375
Cars 0.1609375 0.4921875 0.0578125 0.048828125
Cars 0.2703125 0.525390625 0.065625 0.052734375
Cars 0.365625 0.4736328125 0.0375 0.0322265625
Cars 0.65078125 0.49609375 0.02734375 0.048828125
Cars 0.71484375 0.5087890625 0.07109375 0.0693359375
Cars 0.74765625 0.544921875 0.07578125 0.060546875
Cars 0.765625 0.576171875 0.0703125 0.07421875
Cars 0.8640625 0.638671875 0.1296875 0.1171875
Cars 0.61796875 0.4853515625 0.01796875 0.0380859375
Cars 0.6 0.4794921875 0.015625 0.0302734375
Cars 0.5890625 0.4697265625 0.015625 0.0205078125
Cars 0.575 0.4697265625 0.0109375 0.0205078125
Cars 0.540625 0.453125 0.0109375 0.013671875
Cars 0.55234375 0.4609375 0.01328125 0.01953125
Cars 0.4171875 0.44140625 0.009375 0.015625
Cars 0.29609375 0.4599609375 0.01796875 0.0224609375
Cars 0.0234375 0.53125 0.0234375 0.046875
