Cars 0.92421875 0.544921875 0.07421875 0.1484375
Cars 0.8359375 0.5 0.134375 0.1328125
Cars 0.68828125 0.5048828125 0.04296875 0.0810546875
Cars 0.63671875 0.494140625 0.04609375 0.052734375
Cars 0.51484375 0.4619140625 0.02734375 0.0283203125
Cars 0.48515625 0.4609375 0.00859375 0.021484375
Cars 0.3046875 0.4697265625 0.028125 0.0205078125
Cars 0.46953125 0.458984375 0.01015625 0.015625
Cars 0.4546875 0.458984375 0.009375 0.01171875
Cars 0.44140625 0.4580078125 0.00703125 0.0087890625
Cars 0.39921875 0.458984375 0.00703125 0.009765625
Cars 0.3859375 0.4609375 0.009375 0.013671875
Cars 0.365625 0.4609375 0.0109375 0.013671875
Cars 0.34453125 0.462890625 0.01171875 0.017578125
Cars 0.2546875 0.458984375 0.009375 0.015625
Cars 0.2375 0.458984375 0.009375 0.013671875
