Cars 0.93203125 0.4853515625 0.06484375 0.1474609375
Dogs 0.9359375 0.71875 0.0625 0.08203125
Cars 0.8359375 0.4931640625 0.028125 0.0654296875
People 0.7671875 0.568359375 0.0515625 0.201171875
People 0.70234375 0.521484375 0.02734375 0.146484375
Cars 0.63515625 0.5166015625 0.03984375 0.0771484375
Cars 0.5828125 0.5009765625 0.015625 0.0478515625
Cars 0.55 0.4921875 0.015625 0.0390625
Cars 0.5125 0.4833984375 0.0234375 0.0341796875
Cars 0.47890625 0.4736328125 0.01015625 0.0263671875
Cars 0.46015625 0.470703125 0.01015625 0.02734375
Cars 0.4015625 0.478515625 0.053125 0.0703125
Cars 0.3390625 0.4580078125 0.0125 0.0185546875
Cars 0.3125 0.462890625 0.0171875 0.0234375
Cars 0.2890625 0.47265625 0.021875 0.033203125
Cars 0.2484375 0.4814453125 0.025 0.0458984375
Cars 0.2171875 0.48828125 0.0234375 0.06640625
Cars 0.1671875 0.482421875 0.0234375 0.072265625
Cars 0.1375 0.5185546875 0.021875 0.0771484375
Cars 0.05546875 0.490234375 0.05546875 0.205078125
