People 0.2515625 0.517578125 0.0453125 0.111328125
Bicycles 0.25 0.6015625 0.0203125 0.052734375
People 0.16875 0.4892578125 0.009375 0.0302734375
Cars 0.81328125 0.4638671875 0.02890625 0.0380859375
Cars 0.9265625 0.4482421875 0.071875 0.0693359375
Cars 0.9515625 0.48828125 0.046875 0.05859375
People 0.4328125 0.4609375 0.00625 0.015625
People 0.43984375 0.458984375 0.00546875 0.013671875
Cars 0.64609375 0.4501953125 0.01328125 0.0166015625
Cars 0.728125 0.4560546875 0.0203125 0.0263671875
People 0.12734375 0.4892578125 0.01015625 0.0166015625
