Cars 0.346875 0.4482421875 0.0296875 0.0302734375
People 0.70546875 0.4775390625 0.02109375 0.0615234375
Bicycles 0.70625 0.5224609375 0.0140625 0.0380859375
People 0.64921875 0.48046875 0.01640625 0.041015625
Bicycles 0.65 0.5078125 0.0125 0.02734375
People 0.6203125 0.4765625 0.0140625 0.044921875
Bicycles 0.62265625 0.5029296875 0.01015625 0.0263671875
Bicycles 0.56015625 0.490234375 0.01015625 0.021484375
People 0.56171875 0.4638671875 0.01484375 0.0380859375
People 0.5328125 0.455078125 0.0109375 0.029296875
Bicycles 0.5328125 0.474609375 0.009375 0.017578125
