People 0.93046875 0.51171875 0.01328125 0.068359375
People 0.9125 0.5185546875 0.0140625 0.0732421875
People 0.8875 0.5205078125 0.0140625 0.0673828125
People 0.8546875 0.5107421875 0.015625 0.0537109375
People 0.83046875 0.51953125 0.01171875 0.0625
People 0.78359375 0.51953125 0.01328125 0.05078125
People 0.75625 0.517578125 0.0125 0.0546875
People 0.02578125 0.517578125 0.01171875 0.046875
People 0.73671875 0.51171875 0.00859375 0.04296875
People 0.71484375 0.517578125 0.01484375 0.044921875
People 0.684375 0.49609375 0.0078125 0.033203125
People 0.64453125 0.490234375 0.00703125 0.033203125
People 0.603125 0.478515625 0.00625 0.03125
People 0.58828125 0.4638671875 0.00703125 0.0224609375
People 0.56875 0.4560546875 0.0046875 0.0185546875
People 0.55859375 0.45703125 0.00546875 0.01953125
People 0.965625 0.5126953125 0.0203125 0.0810546875
People 0.99296875 0.521484375 0.00546875 0.078125
Cars 0.453125 0.4619140625 0.0359375 0.0205078125
Cars 0.36171875 0.48828125 0.01953125 0.025390625
Cars 0.40234375 0.53515625 0.03671875 0.05859375
Cars 0.5 0.546875 0.084375 0.083984375
People 0.3296875 0.486328125 0.009375 0.02734375
Cars 0.30078125 0.4873046875 0.02109375 0.0263671875
People 0.21953125 0.482421875 0.00546875 0.02734375
People 0.19453125 0.486328125 0.00703125 0.02734375
People 0.18046875 0.48828125 0.00859375 0.029296875
People 0.090625 0.4794921875 0.0078125 0.0224609375
People 0.08125 0.48046875 0.00625 0.017578125
Cars 0.0734375 0.517578125 0.0390625 0.0390625
People 0.6609375 0.4794921875 0.009375 0.0224609375
Cars 0.4375 0.4296875 0.0078125 0.009765625
People 0.62265625 0.4921875 0.01015625 0.02734375
People 0.80703125 0.5107421875 0.01171875 0.0458984375
Cars 0.3828125 0.462890625 0.01875 0.015625
People 0.73671875 0.4541015625 0.00703125 0.0146484375
