People 0.765625 0.4873046875 0.04375 0.1318359375
People 0.6140625 0.48828125 0.015625 0.052734375
Bicycles 0.76328125 0.5810546875 0.04609375 0.0771484375
Bicycles 0.61328125 0.53515625 0.01484375 0.03125
Cars 0.58125 0.4755859375 0.0234375 0.0400390625
Cars 0.43359375 0.4912109375 0.05390625 0.0576171875
People 0.21796875 0.45703125 0.00859375 0.009765625
Cars 0.5078125 0.470703125 0.0140625 0.013671875
Cars 0.45390625 0.4443359375 0.02890625 0.0224609375
People 0.10390625 0.4560546875 0.01015625 0.0166015625
People 0.13671875 0.4599609375 0.01015625 0.0205078125
People 0.15625 0.4619140625 0.009375 0.0185546875
People 0.165625 0.4609375 0.00625 0.017578125
People 0.175 0.462890625 0.009375 0.013671875
