People 0.6890625 0.482421875 0.0203125 0.048828125
People 0.85625 0.4736328125 0.015625 0.0439453125
People 0.8734375 0.4736328125 0.0171875 0.0419921875
People 0.9421875 0.4921875 0.021875 0.06640625
People 0.240625 0.451171875 0.0109375 0.029296875
People 0.3453125 0.4453125 0.0109375 0.0234375
People 0.1609375 0.501953125 0.015625 0.046875
People 0.35 0.54296875 0.040625 0.087890625
Cars 0.55859375 0.470703125 0.03046875 0.029296875
Cars 0.534375 0.45703125 0.021875 0.025390625
Cars 0.428125 0.4287109375 0.0125 0.0126953125
Bicycles 0.3375 0.6171875 0.0671875 0.0546875
People 0.02109375 0.4853515625 0.01171875 0.0595703125
People 0.0921875 0.4580078125 0.0140625 0.0205078125
Cars 0.496875 0.4384765625 0.01875 0.0166015625
Cars 0.0984375 0.4501953125 0.0359375 0.0166015625
People 0.04296875 0.4970703125 0.02265625 0.0478515625
People 0.9828125 0.4951171875 0.015625 0.0615234375
Bicycles 0.2140625 0.4814453125 0.0125 0.0146484375
