People 0.96015625 0.509765625 0.03828125 0.181640625
People 0.653125 0.474609375 0.0109375 0.037109375
Cars 0.57734375 0.4912109375 0.02265625 0.0361328125
Cars 0.47734375 0.5126953125 0.08046875 0.0830078125
Cars 0.3875 0.4775390625 0.0140625 0.0146484375
Cars 0.3421875 0.48046875 0.015625 0.017578125
People 0.31484375 0.4853515625 0.01015625 0.0283203125
People 0.2984375 0.486328125 0.009375 0.02734375
Cars 0.28046875 0.4814453125 0.01171875 0.0322265625
People 0.26171875 0.48828125 0.01015625 0.02734375
People 0.18828125 0.486328125 0.01015625 0.029296875
People 0.0953125 0.4921875 0.0109375 0.037109375
