Cars 0.9 0.57421875 0.0984375 0.16796875
Cars 0.86328125 0.490234375 0.13359375 0.146484375
Cars 0.703125 0.5205078125 0.0296875 0.0771484375
Cars 0.6828125 0.48828125 0.1046875 0.076171875
People 0.56796875 0.4912109375 0.02109375 0.0888671875
Dogs 0.53984375 0.5361328125 0.01015625 0.0263671875
People 0.5328125 0.466796875 0.0140625 0.044921875
People 0.51171875 0.4921875 0.01171875 0.0625
Cars 0.4890625 0.4794921875 0.0140625 0.0458984375
Cars 0.3828125 0.49609375 0.096875 0.12109375
Cars 0.22890625 0.4599609375 0.07265625 0.0439453125
Cars 0.04140625 0.5859375 0.04140625 0.126953125
Cars 0.2453125 0.4873046875 0.0328125 0.0380859375
Cars 0.225 0.4892578125 0.028125 0.0341796875
Cars 0.1734375 0.4912109375 0.06875 0.0537109375
Cars 0.1484375 0.4990234375 0.0390625 0.0537109375
Cars 0.11796875 0.51171875 0.05546875 0.072265625
