Cars 0.81015625 0.4619140625 0.02734375 0.0361328125
Cars 0.92265625 0.4462890625 0.07265625 0.0693359375
Cars 0.9515625 0.48828125 0.046875 0.064453125
People 0.6421875 0.482421875 0.015625 0.0546875
People 0.66953125 0.46875 0.01640625 0.068359375
People 0.16875 0.4873046875 0.009375 0.0283203125
People 0.61015625 0.462890625 0.00859375 0.02734375
Cars 0.7265625 0.4580078125 0.01875 0.0263671875
People 0.37578125 0.4619140625 0.00546875 0.0146484375
People 0.36875 0.466796875 0.0046875 0.013671875
People 0.12734375 0.48828125 0.01015625 0.015625
People 0.1109375 0.494140625 0.0109375 0.02734375
