Cars 0.09140625 0.619140625 0.08984375 0.12890625
Cars 0.37265625 0.5380859375 0.04296875 0.0419921875
Cars 0.459375 0.587890625 0.0859375 0.0859375
Cars 0.51953125 0.53125 0.02734375 0.03515625
Cars 0.5421875 0.5185546875 0.021875 0.0224609375
People 0.81875 0.533203125 0.0125 0.0390625
People 0.7578125 0.5322265625 0.0140625 0.0419921875
People 0.6453125 0.5390625 0.015625 0.041015625
People 0.9921875 0.5244140625 0.00625 0.0400390625
People 0.7859375 0.5244140625 0.0109375 0.0224609375
People 0.32578125 0.5185546875 0.01171875 0.0322265625
