Cars 0.603125 0.4716796875 0.0484375 0.0224609375
Bicycles 0.56328125 0.4921875 0.01171875 0.017578125
Cars 0.5265625 0.4580078125 0.025 0.0224609375
Cars 0.49921875 0.4560546875 0.01015625 0.0185546875
Cars 0.48125 0.4541015625 0.0140625 0.0205078125
Bicycles 0.53203125 0.4931640625 0.01484375 0.0146484375
People 0.46328125 0.4736328125 0.01015625 0.0302734375
People 0.44375 0.4814453125 0.009375 0.0263671875
Cars 0.43828125 0.4443359375 0.01015625 0.0068359375
People 0.38125 0.4365234375 0.00625 0.0126953125
People 0.3609375 0.43359375 0.0046875 0.01171875
Cars 0.23125 0.533203125 0.0984375 0.109375
Cars 0.021875 0.52734375 0.021875 0.068359375
