People 0.053125 0.5869140625 0.053125 0.3271484375
People 0.46875 0.470703125 0.0203125 0.068359375
People 0.66953125 0.48828125 0.02265625 0.056640625
Bicycles 0.909375 0.4794921875 0.0171875 0.0322265625
Cars 0.43515625 0.46484375 0.02265625 0.02734375
People 0.75546875 0.466796875 0.01171875 0.037109375
Cars 0.4046875 0.4609375 0.009375 0.01171875
People 0.67265625 0.4873046875 0.01484375 0.0537109375
People 0.28125 0.4619140625 0.009375 0.0205078125
People 0.25703125 0.4658203125 0.01015625 0.0224609375
People 0.1859375 0.466796875 0.009375 0.0234375
