People 0.43125 0.455078125 0.0296875 0.07421875
People 0.21328125 0.4619140625 0.01796875 0.0693359375
People 0.190625 0.4384765625 0.0109375 0.0419921875
People 0.171875 0.4638671875 0.0265625 0.0732421875
Cars 0.34453125 0.4677734375 0.02421875 0.0341796875
Cars 0.628125 0.4794921875 0.0203125 0.0283203125
Cars 0.69296875 0.47265625 0.05078125 0.0546875
Cars 0.87109375 0.490234375 0.12734375 0.076171875
Cars 0.56328125 0.4560546875 0.03046875 0.0341796875
Cars 0.596875 0.4658203125 0.0265625 0.0302734375
