People 0.83359375 0.51171875 0.01328125 0.076171875
People 0.93203125 0.521484375 0.02578125 0.087890625
Cars 0.578125 0.4873046875 0.0203125 0.0185546875
Cars 0.42265625 0.48046875 0.02109375 0.021484375
People 0.23359375 0.4765625 0.01171875 0.033203125
People 0.3 0.4716796875 0.009375 0.0322265625
People 0.31875 0.47265625 0.009375 0.02734375
People 0.48671875 0.478515625 0.00703125 0.017578125
People 0.50546875 0.4765625 0.00703125 0.017578125
People 0.9625 0.5224609375 0.0171875 0.0849609375
Cars 0.45078125 0.4814453125 0.01015625 0.0166015625
Cars 0.45859375 0.478515625 0.01015625 0.015625
