Cars 0.83046875 0.505859375 0.12734375 0.109375
Cars 0.6609375 0.5068359375 0.04375 0.0419921875
Cars 0.60703125 0.494140625 0.02421875 0.03125
Cars 0.53515625 0.478515625 0.02109375 0.021484375
Cars 0.51015625 0.4755859375 0.01171875 0.0126953125
Cars 0.46875 0.478515625 0.0125 0.013671875
Cars 0.409375 0.4736328125 0.0125 0.0126953125
Cars 0.39609375 0.478515625 0.01328125 0.013671875
Cars 0.3828125 0.478515625 0.0125 0.01171875
Cars 0.36015625 0.474609375 0.01484375 0.017578125
Cars 0.3359375 0.4814453125 0.015625 0.0146484375
Cars 0.253125 0.4833984375 0.0453125 0.0419921875
