Cars 0.5515625 0.6337890625 0.2671875 0.2431640625
People 0.03125 0.5087890625 0.0265625 0.0634765625
People 0.17890625 0.4638671875 0.01484375 0.0380859375
People 0.24921875 0.5087890625 0.02265625 0.0615234375
People 0.2671875 0.5029296875 0.01875 0.0615234375
People 0.321875 0.5087890625 0.021875 0.0615234375
People 0.8640625 0.4873046875 0.015625 0.0615234375
People 0.88203125 0.4775390625 0.01328125 0.0595703125
People 0.20234375 0.4599609375 0.01171875 0.0263671875
Cars 0.73828125 0.458984375 0.03515625 0.04296875
Cars 0.928125 0.4765625 0.0140625 0.033203125
Cars 0.9859375 0.73046875 0.0125 0.115234375
