Cars 0.97578125 0.5029296875 0.02109375 0.0322265625
Cars 0.92578125 0.494140625 0.02734375 0.02734375
Cars 0.884375 0.4814453125 0.0140625 0.0419921875
Cars 0.96953125 0.4521484375 0.02890625 0.0126953125
Cars 0.91796875 0.4501953125 0.02421875 0.0146484375
Cars 0.846875 0.4931640625 0.015625 0.0263671875
Cars 0.8390625 0.4541015625 0.0265625 0.0146484375
Cars 0.74453125 0.4892578125 0.01328125 0.0205078125
People 0.62578125 0.466796875 0.01015625 0.029296875
Cars 0.56875 0.4873046875 0.03125 0.0302734375
Cars 0.50546875 0.474609375 0.01796875 0.017578125
Cars 0.40703125 0.494140625 0.06171875 0.072265625
Cars 0.26640625 0.474609375 0.01796875 0.015625
Cars 0.1890625 0.4873046875 0.034375 0.0263671875
Cars 0.121875 0.490234375 0.03125 0.025390625
