Cars 0.34140625 0.5029296875 0.07734375 0.0556640625
Cars 0.42578125 0.4736328125 0.03671875 0.0439453125
Cars 0.47890625 0.4609375 0.02109375 0.03515625
Bicycles 0.246875 0.513671875 0.0125 0.029296875
People 0.7125 0.4384765625 0.0078125 0.0107421875
People 0.703125 0.466796875 0.009375 0.0234375
Bicycles 0.990625 0.4873046875 0.0078125 0.0224609375
People 0.7875 0.443359375 0.009375 0.01953125
People 0.6015625 0.4580078125 0.009375 0.0205078125
People 0.584375 0.4580078125 0.0078125 0.0224609375
Cars 0.3265625 0.4443359375 0.028125 0.0107421875
People 0.24921875 0.4560546875 0.01484375 0.0263671875
People 0.146875 0.4365234375 0.009375 0.0185546875
