People 0.865625 0.5283203125 0.0453125 0.1748046875
People 0.7515625 0.5166015625 0.025 0.1552734375
People 0.72265625 0.517578125 0.02109375 0.150390625
People 0.58046875 0.4501953125 0.01171875 0.0458984375
People 0.31953125 0.4599609375 0.02109375 0.0517578125
People 0.03515625 0.4560546875 0.01796875 0.0517578125
People 0.01015625 0.4638671875 0.01015625 0.0478515625
Cars 0.52734375 0.4560546875 0.02421875 0.0263671875
Cars 0.23515625 0.4599609375 0.03515625 0.0302734375
People 0.08203125 0.453125 0.01015625 0.037109375
