People 0.565625 0.486328125 0.01875 0.052734375
Cars 0.525 0.48046875 0.0203125 0.01953125
People 0.85078125 0.4130859375 0.01328125 0.0205078125
People 0.87734375 0.4931640625 0.02265625 0.0986328125
People 0.78671875 0.486328125 0.03515625 0.103515625
People 0.7359375 0.478515625 0.0234375 0.08203125
People 0.6984375 0.484375 0.015625 0.068359375
People 0.66875 0.486328125 0.0234375 0.07421875
People 0.63828125 0.4853515625 0.01015625 0.0302734375
People 0.61640625 0.474609375 0.01171875 0.02734375
People 0.84375 0.4814453125 0.0140625 0.0634765625
