Cars 0.29375 0.4638671875 0.0921875 0.0361328125
Cars 0.609375 0.46484375 0.0125 0.021484375
Cars 0.6359375 0.4697265625 0.021875 0.0224609375
Cars 0.65859375 0.474609375 0.02734375 0.021484375
Cars 0.75390625 0.4814453125 0.02734375 0.0341796875
Cars 0.82421875 0.48046875 0.04296875 0.041015625
Cars 0.7625 0.490234375 0.0203125 0.025390625
Cars 0.95546875 0.5712890625 0.04296875 0.0849609375
Cars 0.38046875 0.46484375 0.02265625 0.03125
Cars 0.70703125 0.4833984375 0.02265625 0.0263671875
Cars 0.4546875 0.4697265625 0.0265625 0.0146484375
