People 0.02734375 0.466796875 0.02421875 0.091796875
People 0.0859375 0.466796875 0.0140625 0.041015625
People 0.240625 0.46875 0.0140625 0.03515625
Cars 0.35546875 0.4736328125 0.02734375 0.0263671875
Cars 0.428125 0.470703125 0.01875 0.0234375
People 0.11171875 0.47265625 0.01484375 0.048828125
People 0.140625 0.4658203125 0.0109375 0.0341796875
People 0.1625 0.46484375 0.0109375 0.033203125
People 0.18515625 0.45703125 0.01171875 0.02734375
People 0.209375 0.4638671875 0.0109375 0.0380859375
