People 0.4453125 0.458984375 0.0171875 0.029296875
People 0.50078125 0.4619140625 0.01796875 0.0283203125
People 0.6859375 0.5087890625 0.0265625 0.1318359375
People 0.75703125 0.51953125 0.03515625 0.12109375
People 0.65078125 0.515625 0.02578125 0.1484375
Cars 0.8046875 0.4248046875 0.0546875 0.0263671875
Cars 0.884375 0.5107421875 0.1015625 0.0791015625
Cars 0.615625 0.494140625 0.021875 0.041015625
Cars 0.5765625 0.4794921875 0.0515625 0.0458984375
Cars 0.11640625 0.41796875 0.04453125 0.033203125
Cars 0.15234375 0.48046875 0.04609375 0.0390625
Cars 0.08671875 0.48828125 0.08515625 0.060546875
Cars 0.3328125 0.466796875 0.034375 0.02734375
Cars 0.4328125 0.44921875 0.0375 0.05078125
Cars 0.3875 0.4736328125 0.025 0.0283203125
