People 0.81953125 0.5166015625 0.02421875 0.0830078125
People 0.778125 0.482421875 0.0234375 0.0390625
People 0.88671875 0.5126953125 0.02421875 0.0751953125
People 0.93046875 0.484375 0.02265625 0.044921875
People 0.57421875 0.4833984375 0.01171875 0.0498046875
People 0.42890625 0.470703125 0.01484375 0.033203125
People 0.3875 0.47265625 0.0109375 0.03515625
Cars 0.71484375 0.5458984375 0.08046875 0.0732421875
Cars 0.6640625 0.5068359375 0.05 0.0537109375
Cars 0.61875 0.4873046875 0.028125 0.0419921875
Cars 0.9203125 0.693359375 0.0765625 0.21875
Cars 0.1390625 0.525390625 0.0984375 0.076171875
Cars 0.48671875 0.4501953125 0.00859375 0.0107421875
Cars 0.521875 0.4541015625 0.0140625 0.0126953125
Cars 0.1171875 0.466796875 0.046875 0.02734375
People 0.3625 0.4765625 0.009375 0.03515625
People 0.371875 0.4501953125 0.009375 0.0205078125
Bicycles 0.43046875 0.4921875 0.01171875 0.01953125
