Bicycles 0.35234375 0.5126953125 0.01015625 0.0263671875
People 0.353125 0.4892578125 0.0140625 0.0361328125
Cars 0.87421875 0.65234375 0.12265625 0.158203125
Cars 0.678125 0.5205078125 0.053125 0.0654296875
Cars 0.61875 0.505859375 0.0234375 0.046875
Cars 0.5015625 0.4443359375 0.0140625 0.0166015625
Cars 0.0734375 0.5009765625 0.0703125 0.0576171875
Cars 0.1828125 0.4755859375 0.0171875 0.0322265625
Cars 0.27265625 0.4580078125 0.01328125 0.0283203125
Cars 0.3125 0.4677734375 0.0296875 0.0263671875
Cars 0.390625 0.466796875 0.021875 0.01953125
Cars 0.425 0.4560546875 0.015625 0.0146484375
Cars 0.59296875 0.486328125 0.01796875 0.029296875
Cars 0.584375 0.4697265625 0.021875 0.0263671875
Cars 0.55390625 0.4521484375 0.01484375 0.0185546875
