Cars 0.78359375 0.521484375 0.12890625 0.091796875
Cars 0.6375 0.4560546875 0.03125 0.0283203125
Cars 0.29140625 0.4736328125 0.01484375 0.0361328125
Cars 0.23046875 0.486328125 0.05859375 0.05859375
People 0.50703125 0.4697265625 0.01484375 0.0380859375
People 0.32734375 0.46484375 0.01796875 0.04296875
People 0.11484375 0.4609375 0.01328125 0.0390625
People 0.57734375 0.470703125 0.01796875 0.041015625
People 0.55078125 0.4541015625 0.01015625 0.0263671875
People 0.471875 0.470703125 0.01875 0.0390625
People 0.43359375 0.455078125 0.01015625 0.025390625
