People 0.91484375 0.546875 0.02421875 0.0625
Bicycles 0.91796875 0.59765625 0.02734375 0.029296875
Cars 0.46796875 0.5234375 0.03984375 0.037109375
Cars 0.4484375 0.484375 0.0234375 0.0234375
Cars 0.5 0.5146484375 0.021875 0.0302734375
People 0.0328125 0.5185546875 0.015625 0.0478515625
People 0.05390625 0.5087890625 0.01015625 0.0478515625
People 0.071875 0.513671875 0.0125 0.03515625
Cars 0.61796875 0.4716796875 0.01171875 0.0126953125
People 0.565625 0.470703125 0.00625 0.015625
People 0.3328125 0.4814453125 0.009375 0.0185546875
