People 0.1859375 0.4716796875 0.015625 0.0302734375
Cars 0.340625 0.4853515625 0.0421875 0.0458984375
Cars 0.053125 0.51171875 0.053125 0.07421875
Cars 0.13359375 0.587890625 0.11796875 0.09375
Cars 0.72734375 0.5263671875 0.05234375 0.0615234375
Cars 0.62265625 0.48828125 0.02734375 0.029296875
Cars 0.7484375 0.5634765625 0.0578125 0.0654296875
Cars 0.8703125 0.58203125 0.125 0.1328125
Cars 0.91875 0.736328125 0.0796875 0.193359375
Cars 0.2171875 0.4794921875 0.0265625 0.0380859375
Cars 0.11953125 0.474609375 0.03046875 0.033203125
Cars 0.24921875 0.4638671875 0.01484375 0.0283203125
Cars 0.5875 0.4697265625 0.01875 0.0224609375
Cars 0.56484375 0.4599609375 0.01328125 0.0185546875
Cars 0.55546875 0.451171875 0.01328125 0.015625
Cars 0.71171875 0.509765625 0.06328125 0.052734375
