Cars 0.85390625 0.673828125 0.14453125 0.177734375
Cars 0.7203125 0.4677734375 0.0203125 0.0341796875
Cars 0.484375 0.458984375 0.0265625 0.021484375
Cars 0.0703125 0.455078125 0.046875 0.0234375
People 0.55859375 0.490234375 0.01484375 0.0546875
People 0.63984375 0.5263671875 0.03046875 0.0810546875
People 0.17734375 0.5009765625 0.02734375 0.0732421875
People 0.12421875 0.5 0.02265625 0.068359375
Cars 0.32890625 0.4462890625 0.04140625 0.0302734375
Cars 0.51328125 0.4599609375 0.01171875 0.0166015625
Cars 0.53046875 0.4619140625 0.01328125 0.0146484375
Cars 0.59296875 0.4609375 0.01328125 0.013671875
