Cars 0.92890625 0.490234375 0.03828125 0.029296875
People 0.84296875 0.46484375 0.00859375 0.017578125
Cars 0.85234375 0.5048828125 0.02734375 0.0185546875
People 0.81796875 0.48046875 0.00546875 0.0234375
People 0.80390625 0.4833984375 0.00546875 0.0244140625
People 0.79296875 0.482421875 0.00546875 0.021484375
People 0.76015625 0.48046875 0.00546875 0.017578125
People 0.75078125 0.48046875 0.00390625 0.015625
Cars 0.65078125 0.4873046875 0.02734375 0.0302734375
Cars 0.6 0.4892578125 0.0078125 0.0126953125
Cars 0.5625 0.4921875 0.0171875 0.013671875
Cars 0.43984375 0.4970703125 0.02734375 0.0224609375
Cars 0.2390625 0.5009765625 0.0171875 0.0263671875
Cars 0.3234375 0.5126953125 0.065625 0.0517578125
Cars 0.1734375 0.498046875 0.0453125 0.03515625
Cars 0.096875 0.4951171875 0.0203125 0.0341796875
