Cars 0.1078125 0.59765625 0.1078125 0.15234375
Cars 0.23828125 0.5693359375 0.05390625 0.0751953125
Cars 0.26640625 0.53515625 0.05234375 0.0546875
Cars 0.31328125 0.5166015625 0.03671875 0.0419921875
Cars 0.3453125 0.4990234375 0.0296875 0.0361328125
Cars 0.41640625 0.470703125 0.02421875 0.025390625
Cars 0.525 0.4521484375 0.015625 0.0185546875
People 0.6328125 0.5048828125 0.0125 0.0615234375
People 0.61640625 0.5166015625 0.01328125 0.0537109375
People 0.58984375 0.5087890625 0.01484375 0.0634765625
Cars 0.7078125 0.537109375 0.0625 0.060546875
Cars 0.88984375 0.6796875 0.10546875 0.19140625
Cars 0.4453125 0.458984375 0.0125 0.021484375
Cars 0.46171875 0.453125 0.01015625 0.015625
Cars 0.23203125 0.466796875 0.04765625 0.01953125
