Cars 0.8 0.5283203125 0.1484375 0.1220703125
Cars 0.6265625 0.4609375 0.0765625 0.076171875
Cars 0.5296875 0.4423828125 0.034375 0.0361328125
Cars 0.0453125 0.572265625 0.0453125 0.095703125
People 0.184375 0.4833984375 0.0203125 0.0595703125
Cars 0.4859375 0.419921875 0.0203125 0.025390625
Cars 0.32421875 0.439453125 0.02734375 0.029296875
Cars 0.35625 0.4208984375 0.0171875 0.0224609375
Cars 0.3828125 0.4169921875 0.0125 0.0205078125
Cars 0.21953125 0.4365234375 0.02109375 0.0361328125
Cars 0.39296875 0.3994140625 0.01171875 0.0146484375
