People 0.55078125 0.478515625 0.01015625 0.0234375
People 0.56484375 0.4755859375 0.01171875 0.0263671875
People 0.39921875 0.46484375 0.01015625 0.025390625
Cars 0.03515625 0.509765625 0.03515625 0.107421875
Cars 0.121875 0.525390625 0.059375 0.076171875
Cars 0.678125 0.5185546875 0.0703125 0.0693359375
Cars 0.734375 0.5732421875 0.1 0.0966796875
Cars 0.84921875 0.650390625 0.14609375 0.15234375
Cars 0.3328125 0.4658203125 0.0234375 0.0166015625
Cars 0.81875 0.466796875 0.0625 0.033203125
Cars 0.46640625 0.4716796875 0.01796875 0.0185546875
People 0.44140625 0.46484375 0.01171875 0.021484375
People 0.425 0.46484375 0.0109375 0.021484375
People 0.38515625 0.462890625 0.01015625 0.025390625
People 0.35234375 0.4609375 0.01015625 0.021484375
Cars 0.18671875 0.46875 0.03984375 0.04296875
