People 0.70703125 0.4853515625 0.01015625 0.0322265625
People 0.71796875 0.4794921875 0.01171875 0.0263671875
People 0.67734375 0.482421875 0.01171875 0.033203125
Cars 0.540625 0.4931640625 0.046875 0.0498046875
Cars 0.46875 0.4873046875 0.021875 0.0263671875
Cars 0.40390625 0.494140625 0.02265625 0.021484375
Cars 0.31640625 0.484375 0.01796875 0.017578125
Cars 0.25859375 0.4912109375 0.02109375 0.0166015625
Cars 0.07109375 0.5009765625 0.07109375 0.1845703125
Cars 0.1546875 0.4970703125 0.0203125 0.0322265625
People 0.6515625 0.484375 0.009375 0.03515625
People 0.6390625 0.4921875 0.009375 0.03125
