Cars 0.91796875 0.5615234375 0.08046875 0.1669921875
Cars 0.809375 0.5234375 0.1328125 0.12890625
Cars 0.67578125 0.5078125 0.06796875 0.08203125
Cars 0.6 0.48828125 0.04375 0.048828125
Cars 0.55234375 0.4775390625 0.02734375 0.0380859375
People 0.47734375 0.4833984375 0.00859375 0.0380859375
People 0.44140625 0.4736328125 0.01484375 0.0517578125
Cars 0.46484375 0.44921875 0.00859375 0.01171875
Cars 0.4015625 0.4248046875 0.009375 0.0107421875
Cars 0.421875 0.423828125 0.0078125 0.0078125
Cars 0.3859375 0.427734375 0.0078125 0.009765625
Cars 0.4046875 0.4462890625 0.0109375 0.0107421875
Cars 0.3875 0.466796875 0.021875 0.02734375
Cars 0.30390625 0.486328125 0.03984375 0.041015625
Cars 0.0640625 0.5322265625 0.0640625 0.0966796875
