Cars 0.15546875 0.521484375 0.08515625 0.064453125
Cars 0.25703125 0.5068359375 0.04140625 0.0458984375
Cars 0.33984375 0.4794921875 0.03984375 0.0361328125
Cars 0.3859375 0.484375 0.0203125 0.02734375
Cars 0.60078125 0.48046875 0.02890625 0.0234375
Cars 0.7140625 0.470703125 0.03125 0.03515625
Cars 0.42734375 0.4638671875 0.01796875 0.0205078125
People 0.55859375 0.4619140625 0.00859375 0.0224609375
Cars 0.9546875 0.482421875 0.0421875 0.04296875
People 0.54453125 0.4619140625 0.00546875 0.0205078125
Cars 0.53125 0.45703125 0.009375 0.01171875
Cars 0.4140625 0.478515625 0.0125 0.0234375
Cars 0.428125 0.4716796875 0.0125 0.0224609375
Cars 0.45859375 0.4638671875 0.01484375 0.0185546875
Cars 0.478125 0.4599609375 0.0109375 0.0166015625
Cars 0.3046875 0.4892578125 0.0359375 0.0419921875
