People 0.81328125 0.509765625 0.01796875 0.0703125
People 0.78515625 0.5419921875 0.01484375 0.0322265625
People 0.76328125 0.505859375 0.02265625 0.068359375
Cars 0.9515625 0.5068359375 0.04375 0.0791015625
Cars 0.85 0.4814453125 0.028125 0.0322265625
Cars 0.66640625 0.4794921875 0.04765625 0.0361328125
Cars 0.50546875 0.4833984375 0.04140625 0.0361328125
Cars 0.44921875 0.482421875 0.05234375 0.037109375
Cars 0.3296875 0.478515625 0.0828125 0.046875
Cars 0.17734375 0.4697265625 0.03671875 0.0419921875
Cars 0.10078125 0.447265625 0.02890625 0.015625
