Bicycles 0.74453125 0.6025390625 0.04921875 0.0595703125
Bicycles 0.5703125 0.55078125 0.0234375 0.0390625
Bicycles 0.38125 0.4970703125 0.009375 0.0224609375
Bicycles 0.290625 0.478515625 0.0078125 0.01171875
Bicycles 0.153125 0.490234375 0.0078125 0.01953125
People 0.07265625 0.4736328125 0.01015625 0.0341796875
People 0.64296875 0.45703125 0.01484375 0.044921875
People 0.6703125 0.4619140625 0.015625 0.0400390625
People 0.70234375 0.4521484375 0.01171875 0.0302734375
Bicycles 0.64375 0.5078125 0.0109375 0.03515625
Cars 0.87890625 0.5341796875 0.08984375 0.0888671875
Cars 0.95859375 0.5947265625 0.03984375 0.0732421875
Cars 0.51484375 0.498046875 0.04296875 0.04296875
Cars 0.48125 0.4873046875 0.0296875 0.0380859375
Cars 0.43671875 0.4873046875 0.03046875 0.0341796875
Bicycles 0.18828125 0.48828125 0.00546875 0.015625
Bicycles 0.178125 0.482421875 0.00625 0.015625
Bicycles 0.33828125 0.49609375 0.00703125 0.021484375
People 0.23046875 0.46484375 0.00546875 0.015625
People 0.73671875 0.509765625 0.04453125 0.095703125
Cars 0.6765625 0.55078125 0.021875 0.048828125
People 0.5671875 0.4931640625 0.028125 0.0830078125
People 0.38125 0.453125 0.009375 0.02734375
People 0.33671875 0.4560546875 0.01015625 0.0224609375
People 0.29140625 0.4599609375 0.00703125 0.0146484375
Cars 0.26015625 0.4638671875 0.00703125 0.0087890625
Cars 0.24375 0.46875 0.00625 0.009765625
Cars 0.2125 0.4697265625 0.0140625 0.0107421875
People 0.1875 0.458984375 0.0046875 0.017578125
People 0.1796875 0.4541015625 0.0046875 0.0146484375
People 0.15390625 0.45703125 0.00703125 0.025390625
People 0.13125 0.4599609375 0.00625 0.0146484375
