People 0.65859375 0.4638671875 0.01328125 0.0478515625
People 0.68046875 0.4638671875 0.01484375 0.0498046875
People 0.70390625 0.46484375 0.01171875 0.048828125
Cars 0.81171875 0.4599609375 0.02734375 0.0361328125
Cars 0.92578125 0.451171875 0.07265625 0.07421875
Cars 0.95234375 0.4912109375 0.04609375 0.0537109375
Cars 0.43125 0.4736328125 0.0234375 0.0263671875
People 0.59921875 0.4638671875 0.01015625 0.0263671875
People 0.1203125 0.4912109375 0.0140625 0.0322265625
People 0.1 0.47265625 0.009375 0.013671875
People 0.375 0.4658203125 0.0078125 0.0185546875
People 0.55703125 0.4599609375 0.01015625 0.0224609375
People 0.63515625 0.451171875 0.01015625 0.025390625
People 0.88125 0.416015625 0.015625 0.017578125
