Cars 0.65 0.44921875 0.034375 0.05078125
People 0.6109375 0.4521484375 0.015625 0.0517578125
People 0.58359375 0.453125 0.01640625 0.05078125
People 0.38359375 0.4375 0.01328125 0.044921875
Cars 0.3453125 0.4384765625 0.0296875 0.0361328125
Cars 0.1953125 0.4345703125 0.028125 0.0283203125
Cars 0.05390625 0.423828125 0.04140625 0.044921875
Cars 0.1171875 0.42578125 0.0234375 0.03515625
Cars 0.10390625 0.4033203125 0.05234375 0.0380859375
Cars 0.2640625 0.4521484375 0.059375 0.0517578125
Cars 0.4109375 0.43359375 0.0140625 0.02734375
Cars 0.4328125 0.4306640625 0.015625 0.0224609375
Cars 0.4515625 0.427734375 0.009375 0.017578125
Cars 0.46015625 0.421875 0.01484375 0.01953125
