People 0.5703125 0.47265625 0.0109375 0.033203125
Cars 0.859375 0.6650390625 0.1375 0.1904296875
Cars 0.640625 0.5068359375 0.03125 0.0498046875
Cars 0.61328125 0.4951171875 0.02421875 0.0380859375
Cars 0.3734375 0.4736328125 0.0265625 0.0322265625
Cars 0.41015625 0.470703125 0.01484375 0.0234375
Cars 0.09296875 0.529296875 0.08984375 0.095703125
Cars 0.21796875 0.4990234375 0.06796875 0.0693359375
Cars 0.29609375 0.4921875 0.04609375 0.048828125
Cars 0.3390625 0.48828125 0.03125 0.03515625
Cars 0.4265625 0.466796875 0.0140625 0.0234375
Cars 0.4671875 0.458984375 0.0140625 0.015625
Cars 0.759375 0.5380859375 0.1046875 0.1201171875
