People 0.9671875 0.4921875 0.0296875 0.150390625
People 0.91171875 0.4853515625 0.03984375 0.1611328125
Cars 0.73984375 0.501953125 0.14296875 0.076171875
Cars 0.58125 0.498046875 0.025 0.037109375
People 0.5484375 0.48046875 0.009375 0.02734375
People 0.51015625 0.4775390625 0.01015625 0.0283203125
Cars 0.465625 0.4716796875 0.0125 0.0224609375
Cars 0.38828125 0.4921875 0.07890625 0.1015625
Cars 0.2765625 0.48828125 0.0328125 0.060546875
Cars 0.146875 0.490234375 0.1296875 0.072265625
Cars 0.47578125 0.4658203125 0.02109375 0.0166015625
