Cars 0.94375 0.521484375 0.0546875 0.08203125
Cars 0.878125 0.482421875 0.11875 0.091796875
Cars 0.8015625 0.4755859375 0.0671875 0.0751953125
Cars 0.721875 0.486328125 0.015625 0.02734375
Cars 0.59296875 0.4912109375 0.11484375 0.1494140625
Cars 0.41484375 0.4736328125 0.07109375 0.0771484375
Cars 0.3734375 0.4921875 0.0203125 0.056640625
Cars 0.275 0.470703125 0.0875 0.0859375
Cars 0.2734375 0.5078125 0.0640625 0.08984375
People 0.1453125 0.4833984375 0.0921875 0.2119140625
Bicycles 0.11640625 0.703125 0.05703125 0.1484375
Cars 0.03359375 0.3994140625 0.03359375 0.0576171875
Cars 0.03828125 0.564453125 0.03828125 0.109375
