Cars 0.83125 0.560546875 0.1609375 0.1328125
Cars 0.65234375 0.5146484375 0.07421875 0.0712890625
Cars 0.57265625 0.4990234375 0.03984375 0.0458984375
Cars 0.528125 0.48046875 0.025 0.025390625
Cars 0.4515625 0.4755859375 0.01875 0.0205078125
Bicycles 0.34453125 0.505859375 0.01015625 0.021484375
People 0.26015625 0.451171875 0.00859375 0.01171875
Bicycles 0.375 0.4814453125 0.00625 0.0126953125
Cars 0.428125 0.4658203125 0.0078125 0.0107421875
Cars 0.50625 0.48046875 0.0125 0.0234375
People 0.3765625 0.4619140625 0.00625 0.0126953125
People 0.34453125 0.4599609375 0.01171875 0.0263671875
People 0.2859375 0.46484375 0.00625 0.02734375
Bicycles 0.2546875 0.4912109375 0.0140625 0.0224609375
Bicycles 0.23203125 0.490234375 0.01171875 0.0234375
Bicycles 0.21640625 0.4951171875 0.01171875 0.0302734375
Bicycles 0.1984375 0.484375 0.009375 0.021484375
Bicycles 0.10859375 0.5048828125 0.01328125 0.0439453125
Bicycles 0.08828125 0.505859375 0.01171875 0.046875
Bicycles 0.06015625 0.505859375 0.02109375 0.046875
People 0.009375 0.48046875 0.009375 0.06640625
