Cars 0.2328125 0.4931640625 0.0765625 0.0712890625
Cars 0.32421875 0.4873046875 0.02578125 0.0419921875
Cars 0.38203125 0.4833984375 0.02734375 0.0283203125
Cars 0.403125 0.4541015625 0.028125 0.0283203125
Cars 0.5078125 0.462890625 0.025 0.0234375
Cars 0.6203125 0.4755859375 0.0265625 0.0341796875
Cars 0.853125 0.6142578125 0.140625 0.1474609375
Cars 0.81171875 0.4677734375 0.04921875 0.0419921875
People 0.5921875 0.4775390625 0.0171875 0.0537109375
People 0.56171875 0.4755859375 0.01328125 0.0341796875
People 0.4484375 0.45703125 0.009375 0.029296875
People 0.4359375 0.4638671875 0.009375 0.0283203125
Cars 0.68046875 0.4951171875 0.06015625 0.0595703125
Cars 0.725 0.4638671875 0.0265625 0.0341796875
Cars 0.3328125 0.474609375 0.034375 0.04296875
People 0.47890625 0.4560546875 0.01015625 0.0185546875
