Dogs 0.20703125 0.4501953125 0.01328125 0.0166015625
Dogs 0.22890625 0.4716796875 0.01328125 0.0166015625
People 0.33203125 0.435546875 0.01328125 0.048828125
People 0.37890625 0.5595703125 0.04921875 0.1103515625
People 0.5578125 0.4267578125 0.0140625 0.0322265625
People 0.58359375 0.42578125 0.01171875 0.03515625
People 0.82734375 0.45703125 0.01328125 0.052734375
People 0.85390625 0.4560546875 0.01640625 0.0498046875
Bicycles 0.39453125 0.642578125 0.10546875 0.078125
People 0.3078125 0.4091796875 0.009375 0.0166015625
People 0.2890625 0.40625 0.0109375 0.015625
