People 0.90703125 0.4814453125 0.01484375 0.0634765625
People 0.87734375 0.478515625 0.01171875 0.0546875
People 0.725 0.4697265625 0.009375 0.0322265625
People 0.71171875 0.46875 0.00546875 0.02734375
People 0.69453125 0.462890625 0.01015625 0.03125
People 0.68046875 0.4716796875 0.01015625 0.0263671875
People 0.6671875 0.470703125 0.009375 0.033203125
People 0.6375 0.46875 0.009375 0.03125
People 0.5609375 0.470703125 0.00625 0.0234375
Cars 0.4421875 0.46875 0.009375 0.01953125
Cars 0.40546875 0.4775390625 0.03359375 0.0419921875
Cars 0.36328125 0.47265625 0.01171875 0.015625
Cars 0.33984375 0.474609375 0.01328125 0.017578125
Cars 0.3 0.482421875 0.0296875 0.029296875
People 0.09453125 0.490234375 0.01171875 0.03515625
