Cars 0.09140625 0.541015625 0.08984375 0.080078125
Cars 0.259375 0.4921875 0.09375 0.064453125
Cars 0.3828125 0.4619140625 0.01875 0.0146484375
Cars 0.4671875 0.458984375 0.0203125 0.017578125
Cars 0.61875 0.4775390625 0.03125 0.0361328125
Cars 0.634375 0.498046875 0.0328125 0.0390625
Cars 0.71875 0.5390625 0.0890625 0.0703125
Cars 0.87109375 0.6455078125 0.12734375 0.1533203125
Cars 0.7125 0.4541015625 0.034375 0.0185546875
Cars 0.89453125 0.474609375 0.04296875 0.021484375
Cars 0.96171875 0.4833984375 0.03046875 0.0224609375
Cars 0.36640625 0.4755859375 0.01484375 0.0302734375
People 0.51015625 0.4677734375 0.00859375 0.0205078125
People 0.4890625 0.4677734375 0.009375 0.0205078125
