Cars 0.453125 0.490234375 0.0328125 0.037109375
Cars 0.29296875 0.4794921875 0.02890625 0.0263671875
Bicycles 0.13046875 0.5302734375 0.01796875 0.0263671875
Bicycles 0.09375 0.5380859375 0.0171875 0.0224609375
People 0.02421875 0.4833984375 0.01015625 0.0341796875
People 0.04140625 0.4814453125 0.01171875 0.0361328125
People 0.059375 0.4814453125 0.009375 0.0341796875
People 0.69453125 0.4501953125 0.01328125 0.0146484375
People 0.35390625 0.4873046875 0.01171875 0.0341796875
Cars 0.38125 0.4755859375 0.0171875 0.0185546875
People 0.13515625 0.4755859375 0.01640625 0.0322265625
