Cars 0.95859375 0.70703125 0.03828125 0.0859375
Cars 0.8828125 0.603515625 0.1125 0.091796875
Cars 0.9421875 0.4990234375 0.053125 0.0419921875
Cars 0.75546875 0.53125 0.07890625 0.07421875
Cars 0.59375 0.470703125 0.0234375 0.025390625
Cars 0.5015625 0.4482421875 0.0140625 0.0146484375
People 0.2171875 0.484375 0.0109375 0.04296875
People 0.19296875 0.4873046875 0.01015625 0.0419921875
People 0.175 0.4853515625 0.0109375 0.0380859375
People 0.353125 0.455078125 0.009375 0.021484375
People 0.41328125 0.4521484375 0.01015625 0.0224609375
Cars 0.87421875 0.4833984375 0.02109375 0.0205078125
Cars 0.9265625 0.4697265625 0.034375 0.0205078125
Cars 0.56953125 0.462890625 0.01328125 0.017578125
