People 0.8484375 0.443359375 0.021875 0.05859375
People 0.79375 0.4365234375 0.009375 0.0361328125
People 0.77734375 0.435546875 0.01015625 0.037109375
People 0.75625 0.4345703125 0.009375 0.0341796875
People 0.6859375 0.5 0.0265625 0.208984375
People 0.63359375 0.53515625 0.03984375 0.28125
People 0.5984375 0.501953125 0.0359375 0.28515625
Cars 0.3640625 0.4443359375 0.0171875 0.0166015625
People 0.209375 0.4375 0.009375 0.025390625
People 0.13359375 0.5341796875 0.07109375 0.2138671875
People 0.06015625 0.505859375 0.04609375 0.181640625
