Cars 0.91640625 0.5234375 0.08203125 0.1328125
Cars 0.81796875 0.5419921875 0.02109375 0.0576171875
Cars 0.775 0.54296875 0.0234375 0.0546875
Cars 0.7 0.52734375 0.05 0.0546875
Cars 0.63984375 0.4931640625 0.01015625 0.0146484375
Cars 0.6015625 0.4951171875 0.0203125 0.0146484375
Cars 0.56953125 0.494140625 0.01015625 0.017578125
Cars 0.5484375 0.4951171875 0.0109375 0.0185546875
People 0.41640625 0.486328125 0.01015625 0.01953125
Bicycles 0.41796875 0.5185546875 0.01171875 0.0126953125
People 0.40234375 0.4921875 0.00546875 0.021484375
People 0.259375 0.4951171875 0.009375 0.0302734375
