Cars 0.76015625 0.55859375 0.09765625 0.08984375
Cars 0.6109375 0.4921875 0.03125 0.03515625
Cars 0.440625 0.4609375 0.0171875 0.017578125
Cars 0.4203125 0.462890625 0.015625 0.0234375
Cars 0.38515625 0.466796875 0.02890625 0.029296875
Cars 0.3375 0.4814453125 0.0203125 0.0322265625
Cars 0.29921875 0.4912109375 0.03046875 0.0419921875
Cars 0.21875 0.5048828125 0.0703125 0.0576171875
Cars 0.05078125 0.52734375 0.04921875 0.115234375
Cars 0.57265625 0.4794921875 0.01484375 0.0224609375
Cars 0.559375 0.47265625 0.009375 0.015625
People 0.52109375 0.4580078125 0.00703125 0.0146484375
People 0.50546875 0.4599609375 0.01015625 0.0185546875
