People 0.11328125 0.4453125 0.02421875 0.041015625
People 0.21796875 0.462890625 0.02109375 0.033203125
People 0.321875 0.43359375 0.0203125 0.041015625
People 0.4828125 0.4267578125 0.0125 0.0283203125
People 0.57265625 0.431640625 0.01328125 0.025390625
People 0.61015625 0.4248046875 0.01796875 0.0302734375
People 0.53828125 0.431640625 0.01640625 0.0234375
Cars 0.78203125 0.4404296875 0.03046875 0.0302734375
Cars 0.96875 0.4306640625 0.0296875 0.0439453125
Cars 0.22265625 0.4306640625 0.07890625 0.0576171875
Bicycles 0.11171875 0.50390625 0.02109375 0.033203125
Bicycles 0.02890625 0.505859375 0.02890625 0.03515625
Cars 0.0953125 0.416015625 0.0390625 0.029296875
Bicycles 0.3328125 0.4892578125 0.025 0.0322265625
Bicycles 0.21875 0.501953125 0.0296875 0.029296875
Bicycles 0.38984375 0.484375 0.02109375 0.025390625
Bicycles 0.44140625 0.47265625 0.02265625 0.0234375
Bicycles 0.49375 0.466796875 0.0203125 0.0234375
Bicycles 0.54140625 0.462890625 0.02109375 0.021484375
People 0.3875 0.4384765625 0.0203125 0.0263671875
People 0.43671875 0.4384765625 0.01171875 0.0263671875
Bicycles 0.6109375 0.4560546875 0.015625 0.0146484375
