Cars 0.071875 0.4765625 0.071875 0.08984375
Cars 0.18203125 0.4853515625 0.05546875 0.0478515625
Cars 0.2671875 0.470703125 0.046875 0.033203125
Cars 0.36328125 0.4765625 0.02421875 0.04296875
Cars 0.5078125 0.4638671875 0.0296875 0.0478515625
Cars 0.4359375 0.474609375 0.06875 0.076171875
People 0.97109375 0.47265625 0.02421875 0.076171875
People 0.7421875 0.4609375 0.015625 0.046875
People 0.68125 0.4443359375 0.009375 0.0224609375
People 0.6640625 0.439453125 0.009375 0.013671875
People 0.6515625 0.4423828125 0.009375 0.0166015625
