People 0.67734375 0.4609375 0.01171875 0.0390625
Cars 0.565625 0.486328125 0.040625 0.04296875
Cars 0.53984375 0.46875 0.03671875 0.046875
Cars 0.49765625 0.47265625 0.01328125 0.01953125
Cars 0.48515625 0.4599609375 0.01171875 0.0185546875
Cars 0.46953125 0.4560546875 0.01015625 0.0126953125
Cars 0.41875 0.4599609375 0.0109375 0.0126953125
Cars 0.40625 0.4521484375 0.00625 0.0087890625
Cars 0.3828125 0.466796875 0.0109375 0.013671875
Cars 0.3671875 0.4658203125 0.009375 0.0166015625
People 0.3484375 0.4521484375 0.009375 0.0185546875
Bicycles 0.3484375 0.4814453125 0.009375 0.0146484375
Cars 0.3359375 0.474609375 0.0125 0.01953125
Cars 0.3125 0.4736328125 0.0140625 0.0302734375
Cars 0.178125 0.4853515625 0.1171875 0.1201171875
Cars 0.05078125 0.517578125 0.01171875 0.05078125
