People 0.41875 0.478515625 0.0125 0.03515625
People 0.4421875 0.4697265625 0.015625 0.0458984375
People 0.62421875 0.46484375 0.01171875 0.04296875
People 0.5953125 0.4658203125 0.0125 0.0361328125
Cars 0.834375 0.470703125 0.0140625 0.033203125
Cars 0.925 0.4453125 0.0734375 0.068359375
Cars 0.95234375 0.4921875 0.04609375 0.0625
Cars 0.80859375 0.466796875 0.02890625 0.03515625
People 0.1703125 0.4833984375 0.0109375 0.0263671875
People 0.4796875 0.4580078125 0.00625 0.0224609375
People 0.128125 0.48828125 0.009375 0.015625
People 0.6734375 0.4306640625 0.0109375 0.0146484375
Cars 0.64453125 0.4462890625 0.01328125 0.0126953125
Cars 0.7296875 0.4560546875 0.0171875 0.0302734375
