Bicycles 0.84609375 0.578125 0.04296875 0.06640625
People 0.46640625 0.455078125 0.01015625 0.021484375
People 0.4453125 0.45703125 0.0109375 0.021484375
People 0.1078125 0.4619140625 0.0125 0.0458984375
People 0.13125 0.45703125 0.0125 0.04296875
People 0.1796875 0.4599609375 0.0140625 0.0361328125
Cars 0.57578125 0.46875 0.02265625 0.0234375
Cars 0.3640625 0.45703125 0.0265625 0.033203125
Bicycles 0.96484375 0.6875 0.03046875 0.078125
Cars 0.4 0.4638671875 0.0125 0.0205078125
Cars 0.41640625 0.4599609375 0.01015625 0.0185546875
Cars 0.42578125 0.45703125 0.01015625 0.017578125
People 0.07734375 0.4375 0.01015625 0.013671875
