Cars 0.2625 0.470703125 0.078125 0.091796875
People 0.0390625 0.5283203125 0.0390625 0.1416015625
Dogs 0.703125 0.58203125 0.0453125 0.05859375
People 0.896875 0.5732421875 0.08125 0.3291015625
People 0.640625 0.4716796875 0.0234375 0.0458984375
People 0.5703125 0.474609375 0.028125 0.091796875
People 0.5203125 0.4765625 0.0234375 0.0390625
People 0.4203125 0.4609375 0.025 0.07421875
Cars 0.34765625 0.447265625 0.01484375 0.017578125
People 0.371875 0.4462890625 0.0140625 0.0361328125
People 0.48125 0.423828125 0.0109375 0.0234375
People 0.46328125 0.4658203125 0.01640625 0.0302734375
People 0.6984375 0.41796875 0.01875 0.0390625
People 0.68046875 0.4736328125 0.02265625 0.0458984375
People 0.72421875 0.4853515625 0.03515625 0.0615234375
People 0.8078125 0.53125 0.0390625 0.11328125
