Bicycles 0.94375 0.6005859375 0.0546875 0.0830078125
Bicycles 0.6609375 0.509765625 0.021875 0.05078125
Bicycles 0.75 0.513671875 0.0203125 0.048828125
People 0.615625 0.4716796875 0.0125 0.0380859375
People 0.61796875 0.4423828125 0.01171875 0.0185546875
People 0.4359375 0.4658203125 0.009375 0.0244140625
Cars 0.11953125 0.494140625 0.06171875 0.044921875
Cars 0.240625 0.48046875 0.034375 0.029296875
Cars 0.27734375 0.4765625 0.01796875 0.0234375
Cars 0.33984375 0.4677734375 0.01640625 0.0185546875
Bicycles 0.71953125 0.5107421875 0.01484375 0.0498046875
Bicycles 0.6921875 0.509765625 0.0140625 0.052734375
People 0.309375 0.4560546875 0.0078125 0.0146484375
Bicycles 0.3078125 0.484375 0.0078125 0.015625
