People 0.6375 0.453125 0.009375 0.0234375
Cars 0.7859375 0.541015625 0.209375 0.119140625
Cars 0.321875 0.462890625 0.0390625 0.037109375
Cars 0.36640625 0.466796875 0.01328125 0.025390625
Cars 0.4015625 0.4541015625 0.0203125 0.0185546875
Cars 0.45703125 0.451171875 0.01796875 0.013671875
People 0.43359375 0.451171875 0.00546875 0.013671875
People 0.62734375 0.458984375 0.00546875 0.017578125
People 0.61953125 0.4609375 0.00546875 0.017578125
People 0.60390625 0.45703125 0.00703125 0.021484375
People 0.59453125 0.4560546875 0.00546875 0.0205078125
