Cars 0.13359375 0.548828125 0.13359375 0.16796875
Cars 0.40078125 0.4697265625 0.00859375 0.0126953125
Cars 0.2859375 0.486328125 0.0265625 0.033203125
People 0.69921875 0.474609375 0.01015625 0.02734375
People 0.7171875 0.462890625 0.00625 0.013671875
People 0.72734375 0.4755859375 0.00703125 0.0263671875
People 0.6234375 0.46484375 0.0078125 0.025390625
People 0.59453125 0.462890625 0.01015625 0.0234375
Cars 0.3828125 0.470703125 0.0109375 0.013671875
Cars 0.42421875 0.462890625 0.01640625 0.017578125
People 0.93515625 0.47265625 0.00859375 0.041015625
