Bicycles 0.28671875 0.6103515625 0.03984375 0.0751953125
People 0.29609375 0.521484375 0.05078125 0.13671875
Cars 0.453125 0.5107421875 0.071875 0.0791015625
Cars 0.51796875 0.5029296875 0.01328125 0.0439453125
Cars 0.71328125 0.5 0.08671875 0.078125
Cars 0.78984375 0.5146484375 0.07578125 0.0791015625
Cars 0.825 0.5302734375 0.0453125 0.0888671875
Cars 0.9125 0.5185546875 0.084375 0.1201171875
Cars 0.9640625 0.5439453125 0.03125 0.1396484375
Cars 0.60234375 0.4990234375 0.02421875 0.0263671875
