Dogs 0.13984375 0.626953125 0.03359375 0.025390625
People 0.19765625 0.5400390625 0.03515625 0.0947265625
People 0.13515625 0.4892578125 0.03828125 0.1279296875
People 0.1953125 0.3916015625 0.0328125 0.0498046875
People 0.36640625 0.4326171875 0.02265625 0.0615234375
People 0.27734375 0.47265625 0.03515625 0.060546875
People 0.34609375 0.380859375 0.02578125 0.04296875
People 0.4015625 0.4072265625 0.021875 0.0576171875
People 0.425 0.404296875 0.015625 0.05078125
People 0.33515625 0.541015625 0.06484375 0.119140625
People 0.01953125 0.4404296875 0.01796875 0.0576171875
People 0.053125 0.4462890625 0.015625 0.0537109375
