People 0.83046875 0.5078125 0.01171875 0.048828125
People 0.6328125 0.490234375 0.009375 0.025390625
Cars 0.54765625 0.490234375 0.02890625 0.029296875
Cars 0.51484375 0.4833984375 0.01015625 0.0146484375
Cars 0.484375 0.4921875 0.021875 0.021484375
Cars 0.4375 0.4814453125 0.0125 0.0126953125
Cars 0.39921875 0.486328125 0.01484375 0.013671875
Cars 0.3203125 0.4951171875 0.01875 0.0302734375
Cars 0.2921875 0.494140625 0.015625 0.03515625
Cars 0.2359375 0.4892578125 0.04375 0.0478515625
Cars 0.16484375 0.51171875 0.05859375 0.046875
