Cars 0.91484375 0.55859375 0.08359375 0.197265625
Cars 0.6703125 0.5126953125 0.090625 0.0771484375
Cars 0.5578125 0.5048828125 0.025 0.0341796875
Cars 0.5296875 0.5126953125 0.0109375 0.0263671875
Cars 0.51015625 0.5078125 0.01328125 0.029296875
Cars 0.4890625 0.515625 0.0109375 0.025390625
Cars 0.45546875 0.5205078125 0.01171875 0.0126953125
Cars 0.41015625 0.5263671875 0.00703125 0.0107421875
Cars 0.3921875 0.52734375 0.0078125 0.009765625
Cars 0.37265625 0.5244140625 0.01328125 0.0146484375
Cars 0.275 0.517578125 0.0359375 0.02734375
Cars 0.16328125 0.5166015625 0.06171875 0.0458984375
