Cars 0.88828125 0.6689453125 0.10859375 0.1318359375
Cars 0.775 0.5791015625 0.0796875 0.0791015625
Cars 0.70078125 0.515625 0.07109375 0.072265625
Cars 0.63671875 0.4912109375 0.03671875 0.0439453125
Cars 0.54765625 0.4794921875 0.03828125 0.0517578125
Cars 0.3875 0.4853515625 0.03125 0.0380859375
People 0.4703125 0.48046875 0.009375 0.03515625
People 0.3375 0.5146484375 0.0171875 0.0478515625
Cars 0.30703125 0.5146484375 0.02421875 0.0419921875
Cars 0.215625 0.55859375 0.0828125 0.072265625
Cars 0.0515625 0.6416015625 0.0515625 0.1005859375
Cars 0.98046875 0.4833984375 0.01640625 0.0341796875
Cars 0.78515625 0.470703125 0.02578125 0.029296875
Cars 0.8546875 0.4638671875 0.03125 0.0361328125
Cars 0.86875 0.482421875 0.015625 0.02734375
Cars 0.46015625 0.4560546875 0.01328125 0.0146484375
Cars 0.484375 0.4501953125 0.0109375 0.0185546875
Cars 0.50625 0.455078125 0.0140625 0.017578125
Cars 0.07109375 0.48046875 0.03984375 0.025390625
Cars 0.03828125 0.482421875 0.03828125 0.029296875
Cars 0.40859375 0.470703125 0.02578125 0.029296875
