People 0.9328125 0.5361328125 0.0265625 0.0888671875
People 0.65078125 0.541015625 0.01640625 0.05078125
People 0.628125 0.5380859375 0.0125 0.0439453125
People 0.8484375 0.5546875 0.01875 0.03515625
People 0.87109375 0.5458984375 0.01328125 0.0263671875
People 0.01640625 0.5380859375 0.01015625 0.0205078125
People 0.03984375 0.5263671875 0.01015625 0.0166015625
Cars 0.33203125 0.5419921875 0.01796875 0.0263671875
Cars 0.3125 0.5537109375 0.021875 0.0263671875
People 0.5359375 0.54296875 0.009375 0.03125
People 0.51171875 0.5400390625 0.01171875 0.0341796875
