Cars 0.065625 0.458984375 0.0625 0.083984375
Cars 0.4703125 0.4697265625 0.0640625 0.0537109375
Cars 0.54296875 0.470703125 0.02265625 0.029296875
Cars 0.56953125 0.4677734375 0.02265625 0.0283203125
Cars 0.6171875 0.4619140625 0.0265625 0.0224609375
Cars 0.84375 0.4736328125 0.040625 0.0400390625
People 0.7953125 0.455078125 0.0203125 0.060546875
People 0.76171875 0.4541015625 0.00703125 0.0400390625
Cars 0.64453125 0.4609375 0.01171875 0.021484375
Cars 0.665625 0.4599609375 0.0140625 0.0166015625
Cars 0.6890625 0.455078125 0.0109375 0.013671875
Cars 0.709375 0.4501953125 0.0125 0.0126953125
People 0.75078125 0.45703125 0.01015625 0.044921875
