Cars 0.765625 0.5908203125 0.0921875 0.0908203125
Cars 0.69296875 0.529296875 0.06015625 0.064453125
Cars 0.63359375 0.5087890625 0.03671875 0.0537109375
Cars 0.50390625 0.4423828125 0.01171875 0.0126953125
Cars 0.23046875 0.482421875 0.07109375 0.029296875
Cars 0.03515625 0.4951171875 0.03515625 0.0595703125
Cars 0.07890625 0.4873046875 0.02421875 0.0380859375
Cars 0.1203125 0.4697265625 0.021875 0.0283203125
Cars 0.27890625 0.4638671875 0.04140625 0.0263671875
Cars 0.32265625 0.4580078125 0.02109375 0.0263671875
Cars 0.38359375 0.44921875 0.01484375 0.01953125
Cars 0.58125 0.4658203125 0.021875 0.0302734375
Cars 0.59375 0.4814453125 0.01875 0.0341796875
People 0.4421875 0.455078125 0.009375 0.01953125
