People 0.45 0.4375 0.0125 0.037109375
Cars 0.190625 0.4765625 0.05 0.046875
Cars 0.10703125 0.3828125 0.02578125 0.01953125
Cars 0.39375 0.4189453125 0.046875 0.0263671875
Cars 0.5734375 0.41796875 0.0265625 0.021484375
Cars 0.65078125 0.4248046875 0.03046875 0.0263671875
Cars 0.71171875 0.4208984375 0.01796875 0.0205078125
Cars 0.14140625 0.3876953125 0.01640625 0.0205078125
Cars 0.03671875 0.3994140625 0.02109375 0.0185546875
People 0.21484375 0.4033203125 0.01484375 0.0185546875
Cars 0.2046875 0.384765625 0.0296875 0.015625
