People 0.93125 0.484375 0.0234375 0.08203125
Cars 0.69453125 0.5205078125 0.08984375 0.0791015625
Cars 0.596875 0.486328125 0.0453125 0.05078125
Cars 0.4828125 0.4833984375 0.0296875 0.0361328125
Cars 0.38984375 0.486328125 0.01328125 0.015625
Cars 0.3609375 0.48828125 0.0171875 0.025390625
Cars 0.2984375 0.5244140625 0.071875 0.0654296875
Cars 0.215625 0.51171875 0.03125 0.0546875
Cars 0.15390625 0.529296875 0.04921875 0.060546875
Cars 0.0640625 0.548828125 0.0640625 0.091796875
People 0.96484375 0.4892578125 0.01015625 0.0595703125
