People 0.98828125 0.4833984375 0.01015625 0.0810546875
People 0.953125 0.5 0.01875 0.064453125
People 0.875 0.4990234375 0.021875 0.0693359375
Cars 0.496875 0.4892578125 0.0140625 0.0205078125
Cars 0.484375 0.4755859375 0.0125 0.0146484375
Cars 0.46875 0.4619140625 0.0109375 0.0126953125
Cars 0.459375 0.4521484375 0.0109375 0.0146484375
Cars 0.3921875 0.4423828125 0.009375 0.0126953125
Cars 0.38125 0.451171875 0.009375 0.01171875
Cars 0.3671875 0.4599609375 0.009375 0.0166015625
Cars 0.34765625 0.4697265625 0.01484375 0.0185546875
Cars 0.3296875 0.4814453125 0.015625 0.0166015625
People 0.16328125 0.5048828125 0.01015625 0.0205078125
Cars 0.059375 0.5732421875 0.059375 0.1357421875
People 0.53203125 0.4599609375 0.00703125 0.0146484375
People 0.64921875 0.4716796875 0.00703125 0.0146484375
