People 0.7796875 0.4658203125 0.0171875 0.0224609375
Bicycles 0.7828125 0.5078125 0.0203125 0.017578125
People 0.62890625 0.462890625 0.01015625 0.03125
Cars 0.53125 0.482421875 0.028125 0.02734375
Cars 0.5203125 0.466796875 0.0265625 0.03125
Cars 0.49140625 0.4736328125 0.01015625 0.0146484375
Cars 0.48046875 0.470703125 0.01015625 0.01171875
Cars 0.428125 0.466796875 0.009375 0.01171875
Cars 0.41484375 0.4609375 0.01015625 0.01171875
Cars 0.38984375 0.46875 0.01015625 0.013671875
Cars 0.375 0.47265625 0.009375 0.015625
Cars 0.3203125 0.4736328125 0.0484375 0.0595703125
Cars 0.253125 0.505859375 0.0625 0.06640625
People 0.178125 0.525390625 0.0140625 0.048828125
Cars 0.11796875 0.5029296875 0.05078125 0.0595703125
Cars 0.06796875 0.56640625 0.06796875 0.1328125
