Cars 0.09296875 0.5966796875 0.09296875 0.1162109375
Cars 0.221875 0.544921875 0.065625 0.0859375
Cars 0.30390625 0.517578125 0.03515625 0.04296875
Cars 0.340625 0.501953125 0.034375 0.048828125
Cars 0.3921875 0.482421875 0.01875 0.029296875
Cars 0.4859375 0.45703125 0.01875 0.0234375
Cars 0.4765625 0.4697265625 0.0234375 0.0224609375
Cars 0.69765625 0.544921875 0.04453125 0.0703125
Cars 0.8375 0.6298828125 0.1609375 0.1728515625
Cars 0.92578125 0.8427734375 0.07265625 0.1474609375
Cars 0.671875 0.53125 0.0328125 0.046875
Cars 0.63046875 0.5009765625 0.02109375 0.0361328125
Cars 0.6234375 0.4794921875 0.028125 0.0380859375
Cars 0.53125 0.447265625 0.015625 0.017578125
People 0.5421875 0.46484375 0.009375 0.025390625
Cars 0.378125 0.4912109375 0.0125 0.0283203125
Cars 0.4078125 0.4716796875 0.015625 0.0224609375
Cars 0.4265625 0.466796875 0.0125 0.021484375
Cars 0.5828125 0.474609375 0.015625 0.025390625
People 0.95234375 0.4306640625 0.00703125 0.0185546875
People 0.93671875 0.4296875 0.00703125 0.017578125
Cars 0.6703125 0.4404296875 0.028125 0.0146484375
