People 0.9375 0.5859375 0.0609375 0.181640625
Cars 0.8734375 0.4326171875 0.0234375 0.0830078125
Cars 0.7703125 0.4765625 0.025 0.060546875
People 0.72578125 0.45703125 0.01484375 0.0625
People 0.58515625 0.47265625 0.01640625 0.060546875
People 0.54375 0.4853515625 0.0140625 0.0478515625
People 0.5109375 0.49609375 0.0125 0.04296875
People 0.50625 0.4404296875 0.0078125 0.0126953125
Cars 0.4484375 0.462890625 0.015625 0.015625
Cars 0.421875 0.447265625 0.00625 0.0078125
Cars 0.3984375 0.455078125 0.00625 0.009765625
Cars 0.37265625 0.45703125 0.00546875 0.009765625
Cars 0.36015625 0.458984375 0.00546875 0.009765625
Cars 0.34765625 0.4619140625 0.01015625 0.0146484375
Cars 0.328125 0.4638671875 0.0109375 0.0146484375
Cars 0.31015625 0.470703125 0.01015625 0.017578125
Cars 0.2828125 0.462890625 0.0171875 0.025390625
Cars 0.228125 0.486328125 0.05 0.046875
People 0.8265625 0.533203125 0.0484375 0.15625
