People 0.49453125 0.4697265625 0.01015625 0.0263671875
People 0.5265625 0.46875 0.0109375 0.0234375
Cars 0.6609375 0.4970703125 0.0375 0.0361328125
Cars 0.7140625 0.5234375 0.05625 0.056640625
Cars 0.8640625 0.576171875 0.1328125 0.1171875
Cars 0.41171875 0.4609375 0.01796875 0.01953125
Cars 0.36796875 0.48828125 0.01484375 0.03515625
Cars 0.3125 0.490234375 0.0421875 0.05078125
Cars 0.275 0.509765625 0.0421875 0.060546875
Cars 0.1296875 0.517578125 0.1171875 0.1015625
Cars 0.540625 0.466796875 0.0125 0.0234375
Cars 0.5625 0.47265625 0.0203125 0.025390625
