Cars 0.8875 0.591796875 0.1109375 0.21484375
People 0.728125 0.4423828125 0.00625 0.0224609375
Cars 0.6625 0.509765625 0.075 0.08203125
Cars 0.43671875 0.4521484375 0.01953125 0.0185546875
Cars 0.40703125 0.4208984375 0.01171875 0.0126953125
Cars 0.39375 0.423828125 0.0109375 0.013671875
Cars 0.3921875 0.4423828125 0.0125 0.0146484375
Cars 0.3734375 0.4248046875 0.0109375 0.0146484375
Cars 0.321875 0.4873046875 0.0421875 0.0439453125
Cars 0.065625 0.5302734375 0.065625 0.1044921875
People 0.225 0.458984375 0.009375 0.02734375
