People 0.02421875 0.4501953125 0.02421875 0.0830078125
People 0.05625 0.435546875 0.0234375 0.0703125
People 0.159375 0.4482421875 0.021875 0.0517578125
People 0.35703125 0.451171875 0.02578125 0.05078125
Cars 0.09375 0.41015625 0.0375 0.03125
Cars 0.2203125 0.41796875 0.0796875 0.046875
Cars 0.79453125 0.4365234375 0.02734375 0.0322265625
Cars 0.96328125 0.4287109375 0.03046875 0.0439453125
People 0.60859375 0.4326171875 0.01484375 0.0419921875
People 0.57109375 0.439453125 0.01484375 0.03515625
People 0.53828125 0.4443359375 0.01484375 0.0380859375
People 0.4984375 0.423828125 0.01875 0.037109375
People 0.47578125 0.421875 0.01328125 0.029296875
People 0.240625 0.4609375 0.025 0.0390625
Bicycles 0.2453125 0.4921875 0.0375 0.0234375
Bicycles 0.31640625 0.4853515625 0.01796875 0.0224609375
Bicycles 0.16171875 0.4990234375 0.03046875 0.0263671875
Bicycles 0.0671875 0.51171875 0.0234375 0.025390625
Bicycles 0.43046875 0.46875 0.01796875 0.0234375
People 0.42890625 0.43359375 0.01328125 0.02734375
Bicycles 0.49296875 0.46484375 0.02109375 0.021484375
People 0.3890625 0.4345703125 0.0125 0.0283203125
Bicycles 0.56875 0.4609375 0.0109375 0.01953125
