People 0.9390625 0.515625 0.059375 0.140625
Cars 0.6109375 0.5048828125 0.046875 0.0439453125
Cars 0.55859375 0.5048828125 0.01640625 0.0361328125
Cars 0.528125 0.4951171875 0.025 0.0302734375
Cars 0.4609375 0.4951171875 0.0125 0.0146484375
Cars 0.4265625 0.4931640625 0.01875 0.0146484375
Cars 0.39140625 0.490234375 0.01484375 0.017578125
Cars 0.36171875 0.4931640625 0.01328125 0.0205078125
Cars 0.33203125 0.4931640625 0.01796875 0.0205078125
Cars 0.2953125 0.4951171875 0.0171875 0.0205078125
Cars 0.259375 0.498046875 0.0171875 0.0234375
Cars 0.234375 0.49609375 0.0109375 0.02734375
Cars 0.20390625 0.4951171875 0.02109375 0.0302734375
Cars 0.16875 0.4990234375 0.0265625 0.0302734375
Cars 0.090625 0.4921875 0.05 0.048828125
Cars 0.0234375 0.498046875 0.0234375 0.0546875
