Cars 0.65078125 0.4912109375 0.06015625 0.0576171875
Cars 0.021875 0.48828125 0.021875 0.03515625
People 0.153125 0.466796875 0.009375 0.037109375
Bicycles 0.74140625 0.505859375 0.01015625 0.021484375
Bicycles 0.2515625 0.509765625 0.0125 0.025390625
People 0.59765625 0.4501953125 0.01015625 0.0185546875
People 0.53984375 0.4619140625 0.01015625 0.0302734375
People 0.3515625 0.462890625 0.0078125 0.025390625
Bicycles 0.71328125 0.5 0.00859375 0.0234375
People 0.2296875 0.4619140625 0.00625 0.0263671875
People 0.25078125 0.453125 0.01171875 0.0234375
Bicycles 0.2015625 0.4931640625 0.0140625 0.0205078125
People 0.36171875 0.4658203125 0.00390625 0.0185546875
People 0.36953125 0.453125 0.00546875 0.013671875
Bicycles 0.53359375 0.4853515625 0.01484375 0.0185546875
Bicycles 0.56015625 0.4873046875 0.00546875 0.0146484375
