Cars 0.23125 0.51171875 0.0640625 0.05078125
Cars 0.303125 0.501953125 0.0375 0.037109375
Cars 0.3609375 0.470703125 0.0328125 0.03125
Cars 0.4 0.4765625 0.0171875 0.021484375
Cars 0.6953125 0.46875 0.0234375 0.029296875
Cars 0.59453125 0.4697265625 0.02578125 0.0205078125
Cars 0.91640625 0.4794921875 0.06796875 0.0361328125
People 0.13515625 0.53125 0.03046875 0.099609375
People 0.5421875 0.4609375 0.0078125 0.01953125
People 0.5546875 0.4609375 0.0078125 0.0234375
Cars 0.53125 0.455078125 0.009375 0.01171875
Cars 0.33359375 0.4814453125 0.03046875 0.0322265625
Cars 0.43046875 0.4716796875 0.01640625 0.0224609375
Cars 0.4390625 0.4638671875 0.01875 0.0205078125
Cars 0.46015625 0.462890625 0.01328125 0.017578125
Cars 0.4796875 0.4580078125 0.0125 0.0166015625
