People 0.634375 0.44921875 0.0078125 0.025390625
People 0.56875 0.458984375 0.0109375 0.029296875
Cars 0.2546875 0.4580078125 0.0375 0.0361328125
Cars 0.19453125 0.455078125 0.02734375 0.029296875
Cars 0.15234375 0.4716796875 0.05390625 0.0419921875
Cars 0.05078125 0.458984375 0.04140625 0.0234375
People 0.5 0.4609375 0.0078125 0.029296875
People 0.55078125 0.4599609375 0.00703125 0.0283203125
Cars 0.45625 0.4560546875 0.0375 0.0419921875
Cars 0.34140625 0.44921875 0.01171875 0.013671875
Cars 0.315625 0.451171875 0.0125 0.015625
Cars 0.3 0.4580078125 0.009375 0.0244140625
People 0.646875 0.45703125 0.0078125 0.025390625
