Dogs 0.89296875 0.5390625 0.01796875 0.0234375
Dogs 0.74375 0.5322265625 0.01875 0.0283203125
People 0.9671875 0.5009765625 0.025 0.0693359375
People 0.69375 0.48828125 0.01875 0.06640625
People 0.35390625 0.4453125 0.01640625 0.04296875
People 0.2515625 0.44140625 0.0140625 0.041015625
People 0.20546875 0.439453125 0.01015625 0.03515625
People 0.171875 0.451171875 0.0203125 0.044921875
Cars 0.44453125 0.4482421875 0.03515625 0.0380859375
Cars 0.46953125 0.470703125 0.04296875 0.046875
Cars 0.10390625 0.466796875 0.04609375 0.044921875
Bicycles 0.1734375 0.4814453125 0.0109375 0.0361328125
Bicycles 0.2046875 0.470703125 0.009375 0.02734375
Bicycles 0.25234375 0.47265625 0.01015625 0.02734375
Cars 0.021875 0.439453125 0.021875 0.03515625
Cars 0.06796875 0.4306640625 0.02421875 0.0283203125
