Cars 0.03125 0.619140625 0.03125 0.134765625
Cars 0.11640625 0.587890625 0.07734375 0.080078125
Cars 0.21484375 0.544921875 0.05546875 0.0546875
Cars 0.28984375 0.515625 0.03984375 0.0390625
People 0.340625 0.5048828125 0.0140625 0.0419921875
Cars 0.61796875 0.4912109375 0.03671875 0.0341796875
Cars 0.6265625 0.51171875 0.0265625 0.037109375
Cars 0.67421875 0.5302734375 0.05546875 0.0517578125
Cars 0.80390625 0.630859375 0.09609375 0.09375
Cars 0.7578125 0.5859375 0.0609375 0.06640625
Cars 0.3625 0.490234375 0.0171875 0.03125
Cars 0.37734375 0.484375 0.01484375 0.02734375
Cars 0.39609375 0.466796875 0.01484375 0.0234375
Cars 0.43515625 0.451171875 0.01328125 0.017578125
Cars 0.58046875 0.47265625 0.02421875 0.029296875
Cars 0.5609375 0.4609375 0.0171875 0.025390625
Cars 0.54140625 0.453125 0.01328125 0.01953125
Cars 0.45234375 0.451171875 0.01015625 0.015625
