Cars 0.24140625 0.5380859375 0.07734375 0.0634765625
People 0.23125 0.462890625 0.015625 0.021484375
People 0.359375 0.4775390625 0.0375 0.0380859375
Cars 0.4125 0.4423828125 0.0125 0.0146484375
Cars 0.45703125 0.4404296875 0.01171875 0.0126953125
Cars 0.57265625 0.46875 0.01640625 0.01953125
Cars 0.55703125 0.458984375 0.01484375 0.013671875
Cars 0.54296875 0.455078125 0.01171875 0.01171875
Cars 0.9015625 0.7109375 0.096875 0.1484375
Cars 0.8078125 0.595703125 0.1046875 0.099609375
Cars 0.74765625 0.521484375 0.08828125 0.076171875
Cars 0.66796875 0.509765625 0.03984375 0.0546875
Cars 0.6359375 0.5009765625 0.021875 0.0439453125
Cars 0.61328125 0.4921875 0.01796875 0.03515625
Cars 0.5953125 0.4833984375 0.0171875 0.0224609375
Cars 0.11875 0.494140625 0.0734375 0.052734375
Cars 0.28671875 0.4658203125 0.01796875 0.0283203125
