Cars 0.0640625 0.5869140625 0.0609375 0.1005859375
Cars 0.20859375 0.546875 0.05078125 0.0625
People 0.1359375 0.6015625 0.0375 0.130859375
Bicycles 0.13828125 0.6806640625 0.03046875 0.0908203125
Bicycles 0.4328125 0.677734375 0.0171875 0.080078125
People 0.425 0.58203125 0.040625 0.1328125
People 0.603125 0.5771484375 0.040625 0.1298828125
Cars 0.87109375 0.7373046875 0.12734375 0.2060546875
Cars 0.78203125 0.6064453125 0.10859375 0.1083984375
Cars 0.68984375 0.564453125 0.04921875 0.07421875
Cars 0.32734375 0.4921875 0.03515625 0.03515625
Cars 0.10078125 0.4609375 0.02578125 0.025390625
Cars 0.81875 0.4638671875 0.0515625 0.0224609375
Cars 0.79375 0.4580078125 0.053125 0.0283203125
Cars 0.6578125 0.470703125 0.0359375 0.029296875
Cars 0.5765625 0.4873046875 0.0234375 0.0341796875
Cars 0.55234375 0.46484375 0.02265625 0.021484375
Cars 0.4609375 0.447265625 0.0125 0.013671875
Cars 0.37578125 0.474609375 0.02421875 0.029296875
