Cars 0.078125 0.5673828125 0.0734375 0.0986328125
Cars 0.19921875 0.54296875 0.07265625 0.0703125
Cars 0.3234375 0.5234375 0.04375 0.04296875
Cars 0.3796875 0.51171875 0.0265625 0.03125
Cars 0.6453125 0.541015625 0.03125 0.044921875
Cars 0.7046875 0.5615234375 0.053125 0.0537109375
Cars 0.86796875 0.6005859375 0.12421875 0.1416015625
Cars 0.93046875 0.6904296875 0.06328125 0.1572265625
People 0.5953125 0.5234375 0.0171875 0.046875
People 0.5203125 0.515625 0.015625 0.05078125
Bicycles 0.59921875 0.5537109375 0.01171875 0.0302734375
Bicycles 0.51796875 0.546875 0.01171875 0.029296875
Cars 0.4140625 0.509765625 0.0171875 0.021484375
Cars 0.43203125 0.5029296875 0.01640625 0.0224609375
Cars 0.4578125 0.498046875 0.0140625 0.017578125
