Cars 0.13515625 0.5263671875 0.11328125 0.0673828125
Cars 0.41640625 0.4833984375 0.05234375 0.0341796875
Cars 0.809375 0.470703125 0.0453125 0.0234375
Cars 0.884375 0.4609375 0.0375 0.01953125
People 0.63046875 0.4697265625 0.01015625 0.0361328125
People 0.6828125 0.4697265625 0.0125 0.0361328125
People 0.7140625 0.4658203125 0.0140625 0.0322265625
People 0.34296875 0.5 0.01171875 0.046875
People 0.32578125 0.49609375 0.01015625 0.05078125
People 0.31171875 0.4990234375 0.01015625 0.0517578125
People 0.2828125 0.48828125 0.0140625 0.052734375
People 0.26171875 0.4921875 0.01015625 0.056640625
People 0.92890625 0.45703125 0.00703125 0.021484375
People 0.921875 0.451171875 0.00625 0.01953125
People 0.909375 0.4482421875 0.009375 0.0166015625
People 0.84140625 0.447265625 0.01015625 0.015625
Cars 0.98046875 0.4619140625 0.01328125 0.0205078125
People 0.97578125 0.4453125 0.00703125 0.013671875
People 0.2359375 0.466796875 0.0109375 0.0234375
People 0.21328125 0.4619140625 0.01171875 0.0205078125
