People 0.04140625 0.50390625 0.01640625 0.04296875
People 0.0265625 0.5 0.0109375 0.04296875
Cars 0.43515625 0.50390625 0.08046875 0.0546875
People 0.7453125 0.47265625 0.021875 0.0703125
People 0.70703125 0.4765625 0.01796875 0.06640625
People 0.61015625 0.462890625 0.01015625 0.03125
Cars 0.80859375 0.4658203125 0.02734375 0.0380859375
Cars 0.9234375 0.4521484375 0.0734375 0.0732421875
Cars 0.9515625 0.48828125 0.046875 0.064453125
People 0.62734375 0.4501953125 0.01015625 0.0263671875
Cars 0.6421875 0.4482421875 0.0125 0.0146484375
People 0.12578125 0.486328125 0.01328125 0.017578125
People 0.57265625 0.4609375 0.01015625 0.0234375
People 0.5484375 0.4599609375 0.0078125 0.0244140625
