Cars 0.97109375 0.6005859375 0.02734375 0.0927734375
People 0.9171875 0.5400390625 0.0265625 0.1357421875
Cars 0.8640625 0.4970703125 0.0515625 0.1318359375
Cars 0.9703125 0.4150390625 0.0234375 0.0498046875
Cars 0.734375 0.5166015625 0.075 0.0869140625
Cars 0.68515625 0.490234375 0.05234375 0.060546875
Cars 0.61328125 0.4599609375 0.07890625 0.0439453125
Cars 0.45859375 0.4853515625 0.05859375 0.0732421875
People 0.34765625 0.498046875 0.02890625 0.091796875
Bicycles 0.34375 0.56640625 0.01875 0.046875
Cars 0.053125 0.552734375 0.053125 0.12109375
Cars 0.13828125 0.5205078125 0.03671875 0.0732421875
Cars 0.1671875 0.4912109375 0.0890625 0.0732421875
Cars 0.27890625 0.4814453125 0.03359375 0.0458984375
Cars 0.59453125 0.4970703125 0.04296875 0.0478515625
