People 0.975 0.513671875 0.015625 0.07421875
People 0.946875 0.4609375 0.009375 0.015625
People 0.93125 0.5185546875 0.015625 0.0615234375
People 0.8921875 0.515625 0.0140625 0.05859375
People 0.86953125 0.5146484375 0.01015625 0.0478515625
People 0.8515625 0.5126953125 0.0125 0.0576171875
People 0.82890625 0.5068359375 0.01171875 0.0576171875
People 0.79765625 0.5078125 0.01328125 0.0546875
People 0.77578125 0.4697265625 0.01015625 0.0126953125
People 0.7640625 0.517578125 0.0109375 0.0390625
People 0.7546875 0.4677734375 0.0109375 0.0126953125
People 0.728125 0.484375 0.009375 0.03515625
People 0.70234375 0.4990234375 0.01171875 0.0322265625
People 0.6875 0.4658203125 0.009375 0.0185546875
People 0.659375 0.4697265625 0.0078125 0.0224609375
People 0.64140625 0.46484375 0.00703125 0.0234375
People 0.6265625 0.4697265625 0.009375 0.0205078125
People 0.609375 0.4619140625 0.0078125 0.0146484375
Cars 0.45703125 0.4853515625 0.03046875 0.0322265625
Cars 0.47421875 0.4384765625 0.01015625 0.0126953125
Cars 0.28359375 0.4599609375 0.02109375 0.0185546875
