People 0.021875 0.484375 0.0203125 0.060546875
People 0.05859375 0.4892578125 0.02109375 0.0576171875
People 0.2109375 0.484375 0.015625 0.0625
People 0.22890625 0.482421875 0.01484375 0.060546875
Cars 0.1734375 0.484375 0.03125 0.0390625
Cars 0.25625 0.4794921875 0.0296875 0.0341796875
Cars 0.29453125 0.4755859375 0.01640625 0.0283203125
Cars 0.4125 0.466796875 0.01875 0.021484375
People 0.70859375 0.4619140625 0.01171875 0.0517578125
People 0.68203125 0.4716796875 0.02265625 0.0576171875
People 0.81484375 0.470703125 0.01796875 0.0625
People 0.7828125 0.4482421875 0.009375 0.0361328125
People 0.86953125 0.4736328125 0.01640625 0.0673828125
People 0.89765625 0.4677734375 0.01484375 0.0693359375
People 0.7734375 0.484375 0.015625 0.06640625
People 0.7578125 0.4755859375 0.0109375 0.0595703125
People 0.4921875 0.4638671875 0.009375 0.0166015625
