Cars 0.0796875 0.42578125 0.0796875 0.154296875
Cars 0.1921875 0.412109375 0.0453125 0.05078125
Cars 0.23984375 0.3876953125 0.05078125 0.0517578125
Cars 0.32265625 0.3935546875 0.03359375 0.0302734375
Cars 0.3796875 0.384765625 0.021875 0.0234375
Cars 0.50234375 0.384765625 0.01796875 0.01953125
Cars 0.55 0.38671875 0.01875 0.021484375
Cars 0.6625 0.443359375 0.0640625 0.091796875
People 0.62109375 0.38671875 0.01328125 0.02734375
Cars 0.81953125 0.5205078125 0.17890625 0.1669921875
Cars 0.4109375 0.3828125 0.0125 0.015625
Cars 0.4296875 0.376953125 0.0125 0.017578125
People 0.44375 0.3759765625 0.009375 0.0205078125
Cars 0.584375 0.3935546875 0.01875 0.0283203125
Cars 0.35703125 0.388671875 0.01640625 0.025390625
