Cars 0.7234375 0.53515625 0.078125 0.076171875
Cars 0.86484375 0.62890625 0.13359375 0.181640625
People 0.515625 0.4677734375 0.0125 0.0341796875
People 0.49921875 0.4697265625 0.01171875 0.0283203125
People 0.35390625 0.478515625 0.01640625 0.044921875
People 0.0875 0.474609375 0.0171875 0.06640625
People 0.04453125 0.470703125 0.01328125 0.0703125
People 0.31328125 0.4560546875 0.01015625 0.0283203125
People 0.12109375 0.462890625 0.01796875 0.05078125
People 0.7203125 0.4501953125 0.0109375 0.0166015625
Cars 0.44140625 0.458984375 0.03359375 0.01953125
Bicycles 0.290625 0.4951171875 0.0140625 0.0205078125
Bicycles 0.22734375 0.4970703125 0.01484375 0.0341796875
Bicycles 0.12734375 0.5146484375 0.02265625 0.0205078125
People 0.76640625 0.455078125 0.01015625 0.015625
People 0.78359375 0.462890625 0.01171875 0.017578125
People 0.85625 0.4404296875 0.0109375 0.0126953125
