Cars 0.934375 0.5498046875 0.0640625 0.0869140625
Cars 0.79140625 0.5390625 0.07734375 0.07421875
Cars 0.709375 0.5166015625 0.0171875 0.0283203125
Cars 0.65234375 0.4912109375 0.02109375 0.0185546875
Cars 0.6109375 0.490234375 0.015625 0.017578125
Cars 0.58203125 0.490234375 0.01171875 0.017578125
Cars 0.55859375 0.4912109375 0.01328125 0.0185546875
People 0.434375 0.4765625 0.009375 0.017578125
Bicycles 0.4359375 0.51171875 0.009375 0.017578125
People 0.4078125 0.4912109375 0.009375 0.0283203125
People 0.21328125 0.4951171875 0.01015625 0.0361328125
Cars 0.9828125 0.5849609375 0.015625 0.0654296875
