Cars 0.2546875 0.4345703125 0.053125 0.0185546875
Cars 0.09140625 0.5625 0.08984375 0.10546875
Cars 0.2171875 0.5224609375 0.071875 0.0693359375
Cars 0.2921875 0.505859375 0.040625 0.05078125
Cars 0.34453125 0.4912109375 0.03828125 0.0478515625
Cars 0.38828125 0.48046875 0.02109375 0.037109375
Cars 0.409375 0.470703125 0.01875 0.037109375
Cars 0.4484375 0.4599609375 0.0234375 0.0263671875
Cars 0.8140625 0.4921875 0.0703125 0.05078125
Cars 0.8640625 0.509765625 0.0515625 0.05078125
Cars 0.934375 0.5009765625 0.0390625 0.0693359375
People 0.9625 0.58203125 0.0359375 0.1640625
People 0.71328125 0.5224609375 0.02109375 0.0771484375
People 0.6515625 0.470703125 0.0109375 0.021484375
People 0.625 0.455078125 0.009375 0.01953125
People 0.165625 0.4404296875 0.0203125 0.0283203125
Cars 0.475 0.4580078125 0.0125 0.0166015625
Cars 0.4828125 0.447265625 0.0140625 0.017578125
Cars 0.77734375 0.482421875 0.03515625 0.029296875
Cars 0.7453125 0.482421875 0.0328125 0.033203125
Cars 0.50234375 0.4482421875 0.00703125 0.0107421875
Cars 0.59296875 0.4560546875 0.01484375 0.0166015625
People 0.69375 0.470703125 0.0109375 0.033203125
