People 0.840625 0.5498046875 0.0515625 0.2001953125
People 0.9390625 0.634765625 0.059375 0.361328125
People 0.66328125 0.4677734375 0.01484375 0.0439453125
People 0.63984375 0.470703125 0.01328125 0.044921875
People 0.1609375 0.4921875 0.0125 0.033203125
People 0.146875 0.494140625 0.009375 0.029296875
Cars 0.425 0.4619140625 0.0125 0.0126953125
Cars 0.725 0.455078125 0.0203125 0.033203125
People 0.55625 0.45703125 0.0109375 0.025390625
People 0.54296875 0.4541015625 0.01015625 0.0263671875
People 0.3765625 0.46484375 0.0109375 0.025390625
People 0.125 0.486328125 0.0125 0.017578125
