Cars 0.58125 0.4853515625 0.0578125 0.0498046875
Cars 0.53984375 0.4580078125 0.04140625 0.0517578125
Cars 0.4921875 0.4501953125 0.0171875 0.0322265625
Cars 0.4703125 0.45703125 0.0140625 0.017578125
Cars 0.4640625 0.44140625 0.015625 0.017578125
Cars 0.37578125 0.44921875 0.01171875 0.01171875
Cars 0.35703125 0.453125 0.01015625 0.015625
Cars 0.2875 0.44921875 0.0578125 0.0703125
Cars 0.22578125 0.427734375 0.00703125 0.017578125
Cars 0.2109375 0.421875 0.0109375 0.0234375
Cars 0.18515625 0.423828125 0.01640625 0.0234375
Cars 0.16171875 0.423828125 0.01015625 0.021484375
Cars 0.1390625 0.4228515625 0.0125 0.0224609375
Cars 0.1125 0.4169921875 0.0109375 0.0205078125
Cars 0.08984375 0.419921875 0.01015625 0.0234375
Cars 0.06875 0.421875 0.009375 0.029296875
Cars 0.03203125 0.4208984375 0.03046875 0.0283203125
