Cars 0.94296875 0.5234375 0.05546875 0.083984375
Cars 0.88046875 0.484375 0.11796875 0.091796875
Cars 0.80546875 0.474609375 0.06796875 0.072265625
Cars 0.72578125 0.4716796875 0.01171875 0.0302734375
Cars 0.5953125 0.5 0.1328125 0.171875
Cars 0.41484375 0.4677734375 0.06953125 0.0732421875
People 0.40859375 0.486328125 0.02109375 0.08203125
Cars 0.271875 0.470703125 0.0921875 0.080078125
Cars 0.20234375 0.482421875 0.13671875 0.1171875
Cars 0.0703125 0.38671875 0.0703125 0.037109375
Cars 0.059375 0.5517578125 0.059375 0.1279296875
Dogs 0.3453125 0.556640625 0.0359375 0.041015625
