People 0.86015625 0.3642578125 0.01015625 0.0341796875
People 0.97265625 0.3662109375 0.01328125 0.0341796875
Cars 0.93203125 0.4912109375 0.06640625 0.0869140625
Cars 0.5984375 0.4326171875 0.05 0.0537109375
Cars 0.3453125 0.376953125 0.025 0.02734375
Cars 0.28515625 0.380859375 0.03359375 0.037109375
Cars 0.1640625 0.3974609375 0.0703125 0.0537109375
Cars 0.11796875 0.5087890625 0.11796875 0.1142578125
Cars 0.55703125 0.392578125 0.03359375 0.0390625
Cars 0.5203125 0.3876953125 0.015625 0.0224609375
Cars 0.3828125 0.37890625 0.015625 0.015625
