People 0.96484375 0.5029296875 0.01640625 0.0302734375
People 0.9203125 0.49609375 0.01875 0.0390625
People 0.8953125 0.5263671875 0.0125 0.0576171875
People 0.8765625 0.52734375 0.0140625 0.052734375
People 0.84375 0.51171875 0.0125 0.056640625
People 0.7921875 0.5322265625 0.0203125 0.0595703125
People 0.72578125 0.541015625 0.01640625 0.05078125
People 0.70078125 0.5068359375 0.02265625 0.0419921875
People 0.0984375 0.4921875 0.0109375 0.03125
People 0.078125 0.4921875 0.009375 0.03125
Cars 0.1296875 0.4951171875 0.025 0.0322265625
Cars 0.184375 0.4990234375 0.0171875 0.0341796875
Cars 0.2171875 0.5 0.01875 0.02734375
Cars 0.2640625 0.5029296875 0.015625 0.0224609375
