Cars 0.140625 0.4814453125 0.05 0.0419921875
Cars 0.10234375 0.5703125 0.09765625 0.08203125
Cars 0.26328125 0.51171875 0.05390625 0.048828125
Cars 0.3109375 0.486328125 0.0390625 0.041015625
Cars 0.37421875 0.47265625 0.02734375 0.03515625
Cars 0.6125 0.515625 0.01875 0.048828125
Cars 0.66796875 0.52734375 0.06640625 0.068359375
Cars 0.73046875 0.5859375 0.08984375 0.09375
Cars 0.40546875 0.4658203125 0.01015625 0.0205078125
Cars 0.41875 0.46484375 0.0109375 0.015625
Cars 0.42265625 0.453125 0.01640625 0.025390625
Cars 0.04140625 0.4912109375 0.04140625 0.0419921875
People 0.45390625 0.453125 0.01015625 0.01953125
Cars 0.575 0.4775390625 0.01875 0.0224609375
