Cars 0.8109375 0.4658203125 0.0328125 0.0419921875
Cars 0.925 0.4501953125 0.0703125 0.0693359375
Cars 0.94765625 0.4873046875 0.04765625 0.0556640625
Cars 0.56171875 0.580078125 0.24921875 0.12109375
People 0.68359375 0.4560546875 0.01796875 0.0498046875
People 0.16484375 0.48828125 0.01015625 0.03125
People 0.14921875 0.4921875 0.01171875 0.03515625
People 0.57890625 0.4453125 0.01015625 0.017578125
People 0.59765625 0.4443359375 0.01015625 0.0166015625
People 0.659375 0.4423828125 0.009375 0.0205078125
People 0.553125 0.44921875 0.0109375 0.013671875
Cars 0.45390625 0.4609375 0.01640625 0.013671875
Cars 0.73125 0.458984375 0.0171875 0.029296875
People 0.36015625 0.4599609375 0.00546875 0.0126953125
People 0.37109375 0.462890625 0.00546875 0.013671875
People 0.378125 0.4609375 0.0046875 0.015625
People 0.12734375 0.486328125 0.01015625 0.017578125
People 0.11328125 0.498046875 0.01171875 0.02734375
