People 0.265625 0.4697265625 0.0109375 0.0283203125
People 0.284375 0.46875 0.009375 0.02734375
Cars 0.81875 0.5732421875 0.0953125 0.0810546875
Cars 0.72578125 0.53515625 0.04921875 0.05078125
Cars 0.6828125 0.505859375 0.034375 0.0390625
People 0.55859375 0.4580078125 0.01015625 0.0205078125
People 0.378125 0.455078125 0.0109375 0.017578125
Cars 0.578125 0.4638671875 0.0125 0.0166015625
Cars 0.7890625 0.466796875 0.01875 0.017578125
Cars 0.8296875 0.4599609375 0.025 0.0224609375
Cars 0.4953125 0.4501953125 0.0125 0.0126953125
