Cars 0.940625 0.4931640625 0.0578125 0.0810546875
Cars 0.78203125 0.484375 0.08671875 0.087890625
Bicycles 0.7078125 0.5791015625 0.03125 0.0498046875
People 0.640625 0.5078125 0.0328125 0.126953125
Bicycles 0.58359375 0.5751953125 0.02890625 0.0498046875
Cars 0.56171875 0.46484375 0.04453125 0.060546875
Cars 0.4484375 0.5009765625 0.06875 0.0673828125
People 0.3609375 0.4990234375 0.01875 0.0888671875
People 0.3234375 0.5 0.021875 0.091796875
Cars 0.26640625 0.490234375 0.03828125 0.068359375
Cars 0.16875 0.494140625 0.0734375 0.06640625
People 0.08515625 0.4833984375 0.01015625 0.0693359375
People 0.0640625 0.49609375 0.015625 0.08203125
Cars 0.02734375 0.5029296875 0.02734375 0.0556640625
