Cars 0.88515625 0.583984375 0.11328125 0.224609375
People 0.52421875 0.4560546875 0.00703125 0.0146484375
People 0.51171875 0.4541015625 0.00546875 0.0126953125
Cars 0.46015625 0.4912109375 0.06171875 0.0595703125
Cars 0.36171875 0.4658203125 0.01640625 0.0126953125
Cars 0.25859375 0.4736328125 0.01796875 0.0205078125
Cars 0.20859375 0.4736328125 0.02421875 0.0302734375
Cars 0.13359375 0.47265625 0.04765625 0.06640625
People 0.078125 0.4970703125 0.0265625 0.0751953125
Cars 0.03125 0.484375 0.03125 0.0859375
