Cars 0.0671875 0.583984375 0.0671875 0.158203125
Cars 0.2921875 0.4951171875 0.028125 0.0380859375
Cars 0.4109375 0.53515625 0.115625 0.119140625
Cars 0.7140625 0.4853515625 0.0875 0.1025390625
People 0.66640625 0.501953125 0.02734375 0.111328125
People 0.1546875 0.4794921875 0.0078125 0.0283203125
People 0.1703125 0.4677734375 0.0078125 0.0146484375
People 0.11484375 0.4736328125 0.01015625 0.0107421875
People 0.22265625 0.4677734375 0.00859375 0.0126953125
People 0.23671875 0.4853515625 0.00703125 0.0302734375
