People 0.76640625 0.5 0.01953125 0.07421875
Cars 0.4859375 0.521484375 0.0578125 0.064453125
Cars 0.27265625 0.4931640625 0.04296875 0.0380859375
People 0.22578125 0.4833984375 0.00546875 0.0185546875
People 0.20859375 0.4892578125 0.00703125 0.0224609375
People 0.18828125 0.4921875 0.00703125 0.01953125
People 0.17265625 0.4892578125 0.00703125 0.0283203125
People 0.14609375 0.4912109375 0.00859375 0.0263671875
People 0.11875 0.494140625 0.009375 0.033203125
People 0.0984375 0.4951171875 0.009375 0.0302734375
People 0.0765625 0.4921875 0.0078125 0.029296875
