Cars 0.0359375 0.5625 0.0359375 0.08203125
Cars 0.2125 0.5146484375 0.075 0.0537109375
Cars 0.3359375 0.4833984375 0.0640625 0.0458984375
Cars 0.6078125 0.4912109375 0.0375 0.0361328125
Cars 0.653125 0.521484375 0.0484375 0.05078125
Cars 0.746875 0.5634765625 0.0890625 0.0947265625
People 0.48984375 0.474609375 0.00859375 0.017578125
People 0.47578125 0.4736328125 0.00703125 0.0205078125
Cars 0.46640625 0.462890625 0.01171875 0.015625
Cars 0.69140625 0.4599609375 0.02421875 0.0205078125
Cars 0.8234375 0.4892578125 0.040625 0.0322265625
Cars 0.88125 0.4921875 0.040625 0.03125
People 0.56875 0.47265625 0.009375 0.01953125
