Bicycles 0.575 0.548828125 0.01875 0.068359375
Bicycles 0.4578125 0.544921875 0.0140625 0.060546875
Bicycles 0.384375 0.5 0.009375 0.03125
Bicycles 0.7828125 0.5224609375 0.01875 0.0380859375
People 0.9671875 0.4326171875 0.015625 0.0263671875
People 0.4265625 0.4755859375 0.0109375 0.0498046875
Cars 0.06015625 0.5078125 0.06015625 0.080078125
Cars 0.15390625 0.484375 0.03671875 0.0546875
Cars 0.3359375 0.462890625 0.0265625 0.0234375
People 0.2109375 0.46484375 0.00625 0.021484375
People 0.846875 0.427734375 0.009375 0.015625
Bicycles 0.74609375 0.5068359375 0.02109375 0.0537109375
Bicycles 0.70703125 0.5068359375 0.01640625 0.0576171875
Bicycles 0.6703125 0.5146484375 0.0171875 0.0517578125
People 0.63515625 0.451171875 0.01171875 0.01953125
Bicycles 0.63984375 0.5009765625 0.01328125 0.0322265625
Bicycles 0.6140625 0.4931640625 0.0109375 0.0322265625
People 0.5765625 0.4169921875 0.0296875 0.0673828125
People 0.46015625 0.431640625 0.02109375 0.05859375
People 0.38515625 0.4423828125 0.01484375 0.0302734375
