People 0.8171875 0.4443359375 0.0125 0.0205078125
People 0.73359375 0.4775390625 0.01328125 0.0380859375
Cars 0.865625 0.58984375 0.1328125 0.14453125
Cars 0.7984375 0.455078125 0.0109375 0.01953125
Cars 0.76875 0.44921875 0.0140625 0.013671875
Cars 0.846875 0.4443359375 0.0125 0.0126953125
Cars 0.7125 0.4423828125 0.009375 0.0185546875
Cars 0.653125 0.4658203125 0.0109375 0.0224609375
Cars 0.68828125 0.4453125 0.01015625 0.0234375
Cars 0.5546875 0.4609375 0.009375 0.01953125
Cars 0.528125 0.458984375 0.0109375 0.015625
Cars 0.39453125 0.458984375 0.01328125 0.013671875
Cars 0.375 0.45703125 0.009375 0.013671875
Cars 0.3578125 0.455078125 0.0109375 0.015625
Cars 0.3296875 0.4462890625 0.0125 0.0126953125
Cars 0.3046875 0.5595703125 0.0390625 0.1572265625
Cars 0.153125 0.5791015625 0.153125 0.2626953125
