People 0.68984375 0.583984375 0.02578125 0.123046875
People 0.56640625 0.5439453125 0.02578125 0.0888671875
Cars 0.825 0.6162109375 0.121875 0.1240234375
Cars 0.603125 0.478515625 0.028125 0.025390625
Cars 0.4375 0.47265625 0.0359375 0.037109375
Cars 0.33359375 0.4951171875 0.03359375 0.0302734375
Cars 0.278125 0.5166015625 0.0375 0.0439453125
Cars 0.2296875 0.54296875 0.0484375 0.05859375
Cars 0.125 0.55859375 0.078125 0.087890625
Cars 0.04609375 0.6240234375 0.04609375 0.0927734375
Bicycles 0.56171875 0.603515625 0.01640625 0.048828125
Cars 0.390625 0.4716796875 0.0234375 0.0283203125
Cars 0.28515625 0.4619140625 0.02265625 0.0205078125
Cars 0.67421875 0.470703125 0.01640625 0.029296875
