Bicycles 0.30234375 0.4912109375 0.04921875 0.0458984375
People 0.30234375 0.46875 0.02109375 0.068359375
People 0.4296875 0.4609375 0.025 0.05078125
Bicycles 0.4171875 0.4931640625 0.0203125 0.0380859375
Bicycles 0.128125 0.501953125 0.03125 0.048828125
Bicycles 0.20390625 0.509765625 0.02734375 0.041015625
People 0.16328125 0.451171875 0.02890625 0.080078125
People 0.50625 0.4375 0.028125 0.064453125
Bicycles 0.509375 0.49609375 0.028125 0.033203125
People 0.575 0.4375 0.021875 0.052734375
People 0.6015625 0.4296875 0.0109375 0.03125
People 0.66875 0.44140625 0.0203125 0.0390625
Bicycles 0.66875 0.4765625 0.0203125 0.0234375
Bicycles 0.56015625 0.482421875 0.02109375 0.02734375
Bicycles 0.81796875 0.4609375 0.02578125 0.025390625
People 0.81796875 0.42578125 0.01796875 0.03125
Cars 0.26796875 0.416015625 0.02578125 0.029296875
Cars 0.40078125 0.4189453125 0.07734375 0.0498046875
