Cars 0.746875 0.458984375 0.015625 0.013671875
Cars 0.68828125 0.44140625 0.01328125 0.01171875
Cars 0.65546875 0.451171875 0.01796875 0.015625
Cars 0.62265625 0.4453125 0.01640625 0.01171875
Cars 0.50625 0.4619140625 0.0515625 0.0341796875
People 0.38359375 0.4755859375 0.01640625 0.0654296875
Cars 0.246875 0.443359375 0.01875 0.01171875
Cars 0.2359375 0.4541015625 0.021875 0.0146484375
Cars 0.20625 0.4482421875 0.0109375 0.0146484375
Cars 0.14609375 0.4423828125 0.03046875 0.0166015625
Cars 0.11953125 0.4501953125 0.03046875 0.0166015625
Cars 0.07109375 0.447265625 0.02265625 0.017578125
Cars 0.5875 0.46484375 0.025 0.029296875
