People 0.72578125 0.5166015625 0.01328125 0.0458984375
People 0.8765625 0.57421875 0.0265625 0.130859375
People 0.90625 0.5908203125 0.0359375 0.1240234375
People 0.9625 0.5849609375 0.0359375 0.1298828125
People 0.584375 0.525390625 0.0109375 0.037109375
Cars 0.48125 0.52734375 0.0375 0.033203125
People 0.72578125 0.5166015625 0.01328125 0.0458984375
People 0.69375 0.513671875 0.009375 0.0390625
People 0.76484375 0.5029296875 0.01796875 0.0263671875
People 0.09609375 0.4814453125 0.01171875 0.0185546875
People 0.01015625 0.484375 0.01015625 0.025390625
