People 0.96796875 0.4296875 0.00703125 0.01953125
People 0.9421875 0.4384765625 0.009375 0.0205078125
People 0.88359375 0.4453125 0.01015625 0.033203125
People 0.8640625 0.4169921875 0.0078125 0.0126953125
People 0.8578125 0.447265625 0.0140625 0.03515625
People 0.7140625 0.4658203125 0.009375 0.0380859375
People 0.70078125 0.466796875 0.01015625 0.041015625
People 0.65390625 0.4658203125 0.01015625 0.0263671875
People 0.6046875 0.4580078125 0.0078125 0.0185546875
Cars 0.55625 0.48046875 0.0375 0.041015625
Cars 0.44375 0.4658203125 0.0234375 0.0263671875
Cars 0.4078125 0.458984375 0.0109375 0.01171875
Cars 0.3921875 0.4599609375 0.009375 0.0126953125
Cars 0.35546875 0.4716796875 0.02890625 0.0146484375
Cars 0.28359375 0.4814453125 0.02578125 0.0283203125
Cars 0.215625 0.4814453125 0.0453125 0.0458984375
Cars 0.1125 0.5029296875 0.0609375 0.0634765625
Cars 0.04296875 0.537109375 0.04296875 0.080078125
