Bicycles 0.91015625 0.548828125 0.03046875 0.04296875
Bicycles 0.95703125 0.546875 0.04140625 0.044921875
People 0.51875 0.5556640625 0.0296875 0.0810546875
People 0.30625 0.4677734375 0.0140625 0.0361328125
People 0.27578125 0.45703125 0.01328125 0.0234375
Bicycles 0.30625 0.525390625 0.028125 0.044921875
Bicycles 0.28125 0.5234375 0.0265625 0.046875
Cars 0.196875 0.5 0.05625 0.041015625
Cars 0.09609375 0.478515625 0.04921875 0.037109375
People 0.22109375 0.4501953125 0.01484375 0.0185546875
Cars 0.03359375 0.470703125 0.03359375 0.033203125
