Cars 0.9328125 0.5986328125 0.065625 0.1611328125
Cars 0.8234375 0.5458984375 0.128125 0.1044921875
Cars 0.6140625 0.484375 0.0453125 0.046875
Cars 0.5578125 0.466796875 0.015625 0.01953125
Cars 0.5296875 0.4609375 0.0125 0.015625
Cars 0.48125 0.4697265625 0.0234375 0.0263671875
Cars 0.4515625 0.4462890625 0.0078125 0.0107421875
Cars 0.440625 0.427734375 0.00625 0.009765625
Cars 0.4109375 0.470703125 0.0109375 0.017578125
Cars 0.38203125 0.474609375 0.01796875 0.0234375
People 0.34453125 0.4609375 0.00546875 0.017578125
People 0.334375 0.4658203125 0.0078125 0.0205078125
Cars 0.134375 0.5185546875 0.134375 0.1474609375
