People 0.16328125 0.5205078125 0.01796875 0.0654296875
People 0.134375 0.5234375 0.01875 0.06640625
People 0.08125 0.5107421875 0.015625 0.0693359375
People 0.0609375 0.515625 0.01875 0.0703125
People 0.56171875 0.484375 0.01171875 0.041015625
People 0.63671875 0.4775390625 0.01328125 0.0419921875
People 0.67265625 0.4765625 0.01484375 0.037109375
People 0.8671875 0.46875 0.0109375 0.02734375
Cars 0.29921875 0.501953125 0.07265625 0.041015625
Cars 0.7484375 0.4873046875 0.0484375 0.0283203125
Cars 0.82578125 0.4814453125 0.03671875 0.0244140625
Cars 0.92734375 0.46875 0.04609375 0.02734375
People 0.78125 0.458984375 0.009375 0.015625
People 0.0390625 0.5185546875 0.0125 0.0654296875
People 0.01015625 0.513671875 0.01015625 0.064453125
Cars 0.98203125 0.4697265625 0.01640625 0.0205078125
