Cars 0.8078125 0.462890625 0.025 0.03515625
Cars 0.50859375 0.517578125 0.06484375 0.060546875
Cars 0.896875 0.4501953125 0.0453125 0.0576171875
Cars 0.82890625 0.47265625 0.01640625 0.033203125
People 0.93828125 0.6240234375 0.05546875 0.2958984375
People 0.684375 0.4765625 0.0203125 0.060546875
People 0.63984375 0.462890625 0.01171875 0.037109375
People 0.6 0.4697265625 0.0125 0.0380859375
Cars 0.7265625 0.4580078125 0.01875 0.0302734375
People 0.28828125 0.466796875 0.01015625 0.01953125
People 0.12578125 0.490234375 0.01015625 0.015625
