Cars 0.02421875 0.4482421875 0.02421875 0.0439453125
Cars 0.071875 0.439453125 0.0546875 0.044921875
Cars 0.1390625 0.4423828125 0.0265625 0.0419921875
Cars 0.18359375 0.4453125 0.02578125 0.033203125
Cars 0.2359375 0.443359375 0.0375 0.03125
People 0.2796875 0.443359375 0.0109375 0.03515625
Cars 0.42578125 0.4697265625 0.12421875 0.0673828125
Cars 0.521875 0.45703125 0.0546875 0.033203125
Cars 0.7484375 0.4853515625 0.0921875 0.0576171875
Cars 0.8421875 0.4892578125 0.028125 0.0498046875
People 0.9640625 0.4736328125 0.0125 0.0361328125
