Cars 0.021875 0.6201171875 0.0203125 0.1083984375
Cars 0.1 0.5830078125 0.0796875 0.0830078125
Cars 0.19140625 0.541015625 0.06328125 0.052734375
Cars 0.2609375 0.51953125 0.0453125 0.04296875
Cars 0.3 0.4892578125 0.0421875 0.0419921875
Cars 0.63125 0.5185546875 0.0421875 0.0634765625
Cars 0.709375 0.5537109375 0.0875 0.0966796875
Cars 0.80703125 0.619140625 0.06328125 0.1484375
Cars 0.9234375 0.63671875 0.0734375 0.232421875
People 0.37265625 0.4765625 0.01015625 0.033203125
People 0.4390625 0.52734375 0.0234375 0.083984375
People 0.578125 0.5234375 0.0328125 0.080078125
Bicycles 0.4375 0.5693359375 0.0109375 0.0478515625
Cars 0.5453125 0.46484375 0.015625 0.01953125
Cars 0.67734375 0.44140625 0.03515625 0.015625
Cars 0.69609375 0.447265625 0.02421875 0.013671875
Cars 0.34296875 0.474609375 0.01328125 0.029296875
Cars 0.35859375 0.46875 0.01171875 0.021484375
Cars 0.39375 0.466796875 0.01875 0.021484375
Cars 0.18515625 0.4658203125 0.02734375 0.0205078125
Cars 0.45859375 0.4443359375 0.01484375 0.0146484375
