Cars 0.80546875 0.509765625 0.07109375 0.072265625
Cars 0.90546875 0.5390625 0.07734375 0.076171875
Cars 0.97734375 0.5625 0.02109375 0.072265625
Cars 0.31640625 0.4794921875 0.03359375 0.0341796875
Cars 0.2640625 0.486328125 0.021875 0.046875
Cars 0.18671875 0.4931640625 0.07265625 0.0634765625
Cars 0.05859375 0.5302734375 0.05859375 0.1044921875
Cars 0.48046875 0.4541015625 0.01796875 0.0166015625
People 0.73046875 0.4951171875 0.01328125 0.0537109375
People 0.678125 0.4951171875 0.0140625 0.0537109375
People 0.4109375 0.4638671875 0.0125 0.0322265625
People 0.38203125 0.4658203125 0.01171875 0.0302734375
People 0.87890625 0.4560546875 0.01015625 0.0185546875
Cars 0.60859375 0.45703125 0.01171875 0.01953125
Cars 0.64296875 0.482421875 0.01328125 0.02734375
Cars 0.6578125 0.4716796875 0.0125 0.0302734375
Cars 0.59765625 0.458984375 0.01015625 0.0234375
Cars 0.33828125 0.46875 0.02421875 0.02734375
People 0.5125 0.4541015625 0.00625 0.0146484375
People 0.50078125 0.455078125 0.00703125 0.017578125
People 0.4328125 0.4580078125 0.00625 0.0185546875
Cars 0.71015625 0.4931640625 0.01328125 0.0302734375
