People 0.64453125 0.48046875 0.01171875 0.0390625
People 0.61796875 0.48046875 0.01484375 0.03515625
People 0.93828125 0.5322265625 0.02890625 0.0888671875
Cars 0.06328125 0.466796875 0.02109375 0.033203125
Cars 0.11640625 0.4658203125 0.01484375 0.0341796875
Cars 0.1640625 0.474609375 0.0421875 0.029296875
Cars 0.23671875 0.47265625 0.03359375 0.029296875
Cars 0.75625 0.478515625 0.03125 0.033203125
Cars 0.7796875 0.494140625 0.0359375 0.03515625
People 0.9859375 0.53125 0.0125 0.0859375
Cars 0.9796875 0.482421875 0.0109375 0.0390625
