Dogs 0.7453125 0.529296875 0.0265625 0.02734375
Dogs 0.8515625 0.533203125 0.0203125 0.021484375
People 0.90703125 0.48828125 0.02421875 0.060546875
People 0.70546875 0.482421875 0.01796875 0.064453125
People 0.3328125 0.4306640625 0.015625 0.0341796875
People 0.25625 0.4404296875 0.0125 0.0439453125
People 0.2125 0.4384765625 0.0140625 0.0380859375
People 0.1953125 0.4423828125 0.0140625 0.0380859375
Cars 0.11796875 0.462890625 0.04609375 0.041015625
Cars 0.46328125 0.4638671875 0.03984375 0.0458984375
Cars 0.44375 0.4501953125 0.03125 0.0419921875
Cars 0.16796875 0.4423828125 0.02421875 0.0322265625
Cars 0.07109375 0.4306640625 0.02421875 0.0302734375
Cars 0.0265625 0.435546875 0.0265625 0.03125
