People 0.60859375 0.4755859375 0.01328125 0.0419921875
People 0.63515625 0.462890625 0.01328125 0.052734375
People 0.109375 0.4921875 0.009375 0.033203125
People 0.08828125 0.47265625 0.01328125 0.015625
Cars 0.80859375 0.462890625 0.02890625 0.0390625
Cars 0.92421875 0.421875 0.07421875 0.044921875
Cars 0.8890625 0.5146484375 0.1078125 0.0986328125
People 0.59140625 0.462890625 0.01015625 0.029296875
People 0.57578125 0.4609375 0.01015625 0.03125
People 0.553125 0.458984375 0.009375 0.025390625
Cars 0.728125 0.458984375 0.01875 0.029296875
Cars 0.4578125 0.4619140625 0.0203125 0.0126953125
People 0.37890625 0.462890625 0.00546875 0.015625
People 0.421875 0.4599609375 0.00625 0.0146484375
People 0.1265625 0.490234375 0.009375 0.01953125
