Bicycles 0.55 0.5283203125 0.0109375 0.0517578125
Bicycles 0.46875 0.525390625 0.009375 0.046875
Bicycles 0.42890625 0.5087890625 0.00703125 0.0341796875
Bicycles 0.828125 0.5595703125 0.0359375 0.0419921875
Bicycles 0.77265625 0.509765625 0.00703125 0.0234375
Bicycles 0.89921875 0.5078125 0.01953125 0.03125
Bicycles 0.959375 0.5009765625 0.0390625 0.0419921875
Cars 0.25859375 0.482421875 0.03984375 0.029296875
Cars 0.2953125 0.474609375 0.0203125 0.025390625
People 0.0296875 0.4755859375 0.015625 0.0498046875
People 0.08125 0.4755859375 0.015625 0.0498046875
People 0.11875 0.46484375 0.0109375 0.048828125
People 0.8171875 0.470703125 0.0171875 0.080078125
People 0.79140625 0.470703125 0.01171875 0.0703125
Bicycles 0.8859375 0.548828125 0.0203125 0.05078125
Bicycles 0.73828125 0.5029296875 0.01015625 0.0341796875
People 0.6359375 0.44921875 0.00625 0.015625
People 0.62265625 0.4501953125 0.00703125 0.0205078125
Bicycles 0.6078125 0.4912109375 0.0125 0.0263671875
Bicycles 0.58828125 0.4892578125 0.01015625 0.0283203125
People 0.5515625 0.478515625 0.0203125 0.083984375
People 0.46796875 0.478515625 0.01796875 0.07421875
People 0.42890625 0.455078125 0.01328125 0.02734375
Cars 0.40859375 0.4697265625 0.01015625 0.0146484375
Cars 0.3640625 0.462890625 0.0109375 0.009765625
Bicycles 0.190625 0.4814453125 0.0109375 0.0224609375
