Cars 0.17734375 0.4150390625 0.04296875 0.0361328125
Cars 0.28359375 0.4306640625 0.06015625 0.0439453125
Cars 0.48203125 0.4287109375 0.03984375 0.0361328125
People 0.578125 0.4970703125 0.059375 0.1455078125
People 0.75 0.5263671875 0.0703125 0.1533203125
People 0.8421875 0.513671875 0.0359375 0.146484375
People 0.665625 0.5048828125 0.0390625 0.1357421875
People 0.7140625 0.470703125 0.03125 0.08984375
Cars 0.371875 0.4072265625 0.0125 0.0146484375
People 0.40546875 0.4072265625 0.00546875 0.0146484375
Cars 0.453125 0.416015625 0.0234375 0.029296875
People 0.2578125 0.3759765625 0.0125 0.0205078125
People 0.225 0.40625 0.015625 0.04296875
People 0.62421875 0.458984375 0.01640625 0.080078125
Bicycles 0.70234375 0.55078125 0.03984375 0.041015625
Cars 0.925 0.3994140625 0.0546875 0.0283203125
