People 0.8875 0.486328125 0.0390625 0.111328125
People 0.828125 0.498046875 0.025 0.103515625
People 0.7921875 0.470703125 0.0171875 0.083984375
People 0.7625 0.4853515625 0.021875 0.0986328125
People 0.7359375 0.4423828125 0.0140625 0.0439453125
People 0.7078125 0.4970703125 0.0296875 0.1005859375
People 0.67578125 0.4814453125 0.02265625 0.0810546875
Cars 0.95234375 0.4140625 0.04296875 0.03515625
Cars 0.95 0.48828125 0.0453125 0.0625
Cars 0.453125 0.462890625 0.021875 0.015625
People 0.2421875 0.482421875 0.0109375 0.0234375
People 0.2296875 0.482421875 0.0109375 0.021484375
People 0.12578125 0.48828125 0.01328125 0.017578125
People 0.1078125 0.49609375 0.0125 0.025390625
People 0.64140625 0.4609375 0.01484375 0.03515625
People 0.62109375 0.4658203125 0.01328125 0.0380859375
People 0.55703125 0.45703125 0.00703125 0.025390625
