Cars 0.4921875 0.48828125 0.05 0.048828125
Cars 0.40546875 0.453125 0.01171875 0.015625
Cars 0.35546875 0.4697265625 0.03046875 0.0224609375
Bicycles 0.89921875 0.5068359375 0.02734375 0.0537109375
People 0.5734375 0.451171875 0.00625 0.021484375
People 0.42734375 0.4677734375 0.01796875 0.0439453125
People 0.25390625 0.466796875 0.01484375 0.033203125
People 0.27578125 0.46875 0.01171875 0.02734375
People 0.6171875 0.451171875 0.0109375 0.02734375
People 0.68515625 0.4599609375 0.01015625 0.0341796875
People 0.70625 0.451171875 0.0109375 0.025390625
Bicycles 0.3046875 0.484375 0.0203125 0.01953125
Bicycles 0.83203125 0.498046875 0.02421875 0.0546875
People 0.30234375 0.46875 0.01015625 0.03515625
People 0.91875 0.4443359375 0.009375 0.0380859375
People 0.2125 0.4609375 0.009375 0.0234375
Bicycles 0.68671875 0.4970703125 0.01328125 0.0302734375
People 0.93203125 0.447265625 0.01015625 0.0390625
