Cars 0.0546875 0.609375 0.0546875 0.103515625
Cars 0.175 0.482421875 0.0359375 0.0234375
Cars 0.2109375 0.4619140625 0.0515625 0.0380859375
Cars 0.3578125 0.50390625 0.0390625 0.044921875
Cars 0.5984375 0.4990234375 0.0296875 0.0361328125
Cars 0.653125 0.5224609375 0.0484375 0.0439453125
Cars 0.71796875 0.5673828125 0.07265625 0.0732421875
Cars 0.79765625 0.6416015625 0.11328125 0.1123046875
Cars 0.89453125 0.7705078125 0.10234375 0.2216796875
Cars 0.503125 0.4462890625 0.0125 0.0126953125
Cars 0.5625 0.4619140625 0.01875 0.0185546875
Cars 0.453125 0.455078125 0.0125 0.01171875
Cars 0.29921875 0.4697265625 0.02734375 0.0224609375
Cars 0.0328125 0.5009765625 0.03125 0.0263671875
Cars 0.10078125 0.52734375 0.01640625 0.048828125
