People 0.79296875 0.4853515625 0.01328125 0.0498046875
People 0.76484375 0.484375 0.01640625 0.05859375
People 0.7296875 0.484375 0.015625 0.05078125
Cars 0.625 0.4580078125 0.0609375 0.0322265625
Cars 0.4953125 0.4482421875 0.0140625 0.0146484375
Cars 0.43515625 0.4296875 0.01171875 0.01171875
Cars 0.41328125 0.4521484375 0.01640625 0.0166015625
Cars 0.36328125 0.470703125 0.02578125 0.025390625
Cars 0.2859375 0.4716796875 0.028125 0.0263671875
Cars 0.2078125 0.478515625 0.0328125 0.03515625
Cars 0.13046875 0.4873046875 0.05234375 0.0380859375
Cars 0.03359375 0.4716796875 0.03359375 0.0927734375
