Cars 0.3203125 0.49609375 0.0578125 0.046875
Cars 0.44453125 0.466796875 0.02109375 0.025390625
People 0.01171875 0.509765625 0.01171875 0.052734375
People 0.58984375 0.4697265625 0.01015625 0.0341796875
People 0.6109375 0.4677734375 0.0125 0.0341796875
People 0.6984375 0.4814453125 0.015625 0.0673828125
People 0.7421875 0.47265625 0.01875 0.06640625
People 0.79140625 0.4892578125 0.02265625 0.0927734375
People 0.8296875 0.48828125 0.0234375 0.08203125
Cars 0.92265625 0.44921875 0.07265625 0.06640625
Cars 0.9484375 0.4873046875 0.046875 0.0556640625
People 0.55234375 0.4599609375 0.01015625 0.0263671875
People 0.1625 0.484375 0.009375 0.025390625
People 0.128125 0.490234375 0.0109375 0.015625
People 0.115625 0.4912109375 0.0109375 0.0263671875
People 0.6609375 0.4541015625 0.0109375 0.0263671875
Cars 0.6421875 0.451171875 0.0125 0.015625
