People 0.4390625 0.5107421875 0.01875 0.0712890625
People 0.56171875 0.513671875 0.02265625 0.078125
People 0.38359375 0.46875 0.00859375 0.03125
Cars 0.0609375 0.60546875 0.0609375 0.126953125
Cars 0.16015625 0.5634765625 0.06015625 0.0732421875
Cars 0.2265625 0.5283203125 0.046875 0.0517578125
Cars 0.278125 0.5068359375 0.0390625 0.0361328125
Cars 0.3125 0.484375 0.034375 0.0390625
Cars 0.909375 0.8095703125 0.0875 0.1884765625
Cars 0.86640625 0.578125 0.12578125 0.1640625
Cars 0.68203125 0.5341796875 0.07265625 0.0791015625
Bicycles 0.43984375 0.552734375 0.01171875 0.04296875
Cars 0.61953125 0.50390625 0.03828125 0.060546875
Cars 0.6921875 0.44140625 0.021875 0.013671875
Cars 0.67578125 0.4365234375 0.02890625 0.0185546875
Cars 0.540625 0.4609375 0.0140625 0.017578125
Cars 0.36875 0.4677734375 0.0125 0.0224609375
Cars 0.40234375 0.4599609375 0.01328125 0.0185546875
Cars 0.46171875 0.4384765625 0.01484375 0.0146484375
Cars 0.190625 0.4609375 0.0328125 0.021484375
