Cars 0.19296875 0.4775390625 0.08671875 0.0791015625
Cars 0.3125 0.47265625 0.03125 0.033203125
Cars 0.353125 0.4609375 0.0140625 0.0234375
Cars 0.68046875 0.482421875 0.03359375 0.048828125
Cars 0.98046875 0.51953125 0.01796875 0.09375
People 0.925 0.5185546875 0.053125 0.1162109375
Bicycles 0.94921875 0.5986328125 0.02734375 0.0693359375
Bicycles 0.903125 0.6015625 0.021875 0.044921875
Bicycles 0.80703125 0.552734375 0.02734375 0.05078125
Bicycles 0.7109375 0.537109375 0.01875 0.033203125
Bicycles 0.6453125 0.5234375 0.015625 0.03125
Bicycles 0.5953125 0.5068359375 0.0125 0.0322265625
People 0.80859375 0.4970703125 0.03671875 0.0791015625
People 0.7140625 0.4990234375 0.01875 0.0517578125
People 0.6453125 0.482421875 0.0171875 0.046875
People 0.5953125 0.4765625 0.01875 0.046875
Cars 0.56875 0.4677734375 0.0171875 0.0322265625
