People 0.865625 0.4775390625 0.021875 0.0302734375
Bicycles 0.8703125 0.529296875 0.025 0.01953125
People 0.65 0.47265625 0.009375 0.033203125
Cars 0.54609375 0.4921875 0.03046875 0.03515625
Cars 0.528125 0.4775390625 0.0296875 0.0380859375
Cars 0.4953125 0.48046875 0.0109375 0.015625
Cars 0.4828125 0.4765625 0.009375 0.015625
Cars 0.46953125 0.46875 0.00859375 0.009765625
Cars 0.4234375 0.47265625 0.0109375 0.01171875
Cars 0.3890625 0.47265625 0.0109375 0.015625
Cars 0.378125 0.4765625 0.0109375 0.015625
Cars 0.35625 0.4775390625 0.0125 0.0205078125
Cars 0.28046875 0.484375 0.06484375 0.07421875
Cars 0.02890625 0.482421875 0.02890625 0.03515625
Cars 0.121875 0.55078125 0.121875 0.10546875
