Cars 0.9265625 0.513671875 0.071875 0.12109375
Cars 0.86171875 0.4794921875 0.11796875 0.1064453125
Dogs 0.81484375 0.5947265625 0.02734375 0.0439453125
People 0.7109375 0.5126953125 0.0390625 0.1318359375
Cars 0.65546875 0.48046875 0.03984375 0.095703125
People 0.5921875 0.4873046875 0.0203125 0.1025390625
Cars 0.546875 0.4833984375 0.03125 0.0498046875
Cars 0.5046875 0.474609375 0.0140625 0.033203125
Cars 0.48046875 0.470703125 0.01171875 0.029296875
Cars 0.38359375 0.48828125 0.09296875 0.119140625
Cars 0.284375 0.46875 0.0140625 0.029296875
Cars 0.26640625 0.4775390625 0.01484375 0.0341796875
Cars 0.13125 0.4765625 0.13125 0.099609375
Cars 0.0828125 0.5166015625 0.0828125 0.0888671875
Cars 0.0328125 0.5654296875 0.0328125 0.0869140625
