Cars 0.103125 0.6884765625 0.1 0.1630859375
Cars 0.13046875 0.525390625 0.08359375 0.064453125
Cars 0.28515625 0.5 0.04140625 0.044921875
Cars 0.3546875 0.486328125 0.021875 0.0234375
Cars 0.628125 0.552734375 0.05625 0.056640625
People 0.9109375 0.4765625 0.0125 0.037109375
People 0.9875 0.4794921875 0.0109375 0.0302734375
Cars 0.98125 0.63671875 0.0171875 0.0546875
Cars 0.58125 0.5 0.0375 0.046875
Cars 0.54453125 0.4970703125 0.01640625 0.0224609375
Cars 0.53046875 0.4951171875 0.01328125 0.0166015625
Cars 0.39453125 0.48828125 0.01484375 0.017578125
