Cars 0.95390625 0.5234375 0.04453125 0.080078125
Cars 0.8828125 0.48046875 0.1109375 0.09765625
Cars 0.81328125 0.4765625 0.06796875 0.080078125
Cars 0.59765625 0.4970703125 0.12421875 0.1611328125
Cars 0.41015625 0.4716796875 0.07265625 0.0810546875
Cars 0.3671875 0.482421875 0.01875 0.064453125
Cars 0.29453125 0.4697265625 0.06953125 0.0888671875
People 0.225 0.51171875 0.0734375 0.16015625
Bicycles 0.265625 0.5947265625 0.040625 0.1162109375
Cars 0.090625 0.48046875 0.0828125 0.125
Cars 0.03671875 0.5224609375 0.03671875 0.0888671875
Cars 0.278125 0.490234375 0.05 0.076171875
Bicycles 0.1859375 0.65625 0.0359375 0.099609375
