People 0.26953125 0.4580078125 0.01640625 0.0576171875
People 0.31875 0.4501953125 0.01875 0.0498046875
People 0.5015625 0.4892578125 0.0265625 0.0771484375
People 0.546875 0.4794921875 0.028125 0.0791015625
People 0.5984375 0.45703125 0.0234375 0.083984375
People 0.628125 0.408203125 0.0125 0.02734375
People 0.67265625 0.4599609375 0.02265625 0.0771484375
Cars 0.86796875 0.494140625 0.13046875 0.076171875
Cars 0.2078125 0.462890625 0.034375 0.03515625
Cars 0.05546875 0.4541015625 0.02109375 0.0205078125
Cars 0.1234375 0.4521484375 0.0140625 0.0166015625
Cars 0.1578125 0.4501953125 0.0109375 0.0146484375
