Cars 0.74609375 0.5 0.10859375 0.08984375
Cars 0.62578125 0.4873046875 0.04765625 0.0615234375
People 0.5546875 0.470703125 0.00625 0.021484375
People 0.5453125 0.46875 0.00625 0.01953125
Cars 0.45703125 0.5048828125 0.07265625 0.0751953125
Cars 0.37578125 0.4716796875 0.01015625 0.0166015625
Cars 0.35546875 0.4697265625 0.01015625 0.0205078125
Cars 0.33046875 0.48046875 0.01484375 0.0234375
Cars 0.2890625 0.4775390625 0.025 0.0283203125
People 0.246875 0.470703125 0.009375 0.025390625
Cars 0.07421875 0.5029296875 0.07421875 0.0576171875
