Cars 0.234375 0.4375 0.0828125 0.0625
Cars 0.16875 0.4140625 0.034375 0.037109375
Cars 0.31484375 0.400390625 0.02109375 0.021484375
Cars 0.475 0.4150390625 0.028125 0.0322265625
Cars 0.5109375 0.4345703125 0.0375 0.0361328125
Cars 0.396875 0.40625 0.015625 0.015625
People 0.84609375 0.537109375 0.04296875 0.150390625
People 0.9125 0.5498046875 0.0828125 0.2138671875
Cars 0.79296875 0.4326171875 0.03359375 0.0263671875
People 0.253125 0.361328125 0.0140625 0.015625
People 0.22265625 0.3642578125 0.01015625 0.0126953125
People 0.36640625 0.3994140625 0.00859375 0.0205078125
People 0.42734375 0.4052734375 0.00703125 0.0185546875
People 0.353125 0.400390625 0.00625 0.01953125
Cars 0.70625 0.45703125 0.05 0.05078125
