Bicycles 0.45078125 0.6484375 0.01328125 0.064453125
Bicycles 0.35 0.525390625 0.0171875 0.03125
People 0.240625 0.5419921875 0.0234375 0.0673828125
People 0.35 0.4892578125 0.0171875 0.0478515625
People 0.43984375 0.57421875 0.03515625 0.1171875
People 0.615625 0.5888671875 0.0421875 0.1220703125
Cars 0.934375 0.828125 0.0640625 0.169921875
Cars 0.83359375 0.6513671875 0.12890625 0.1162109375
Cars 0.7328125 0.576171875 0.084375 0.095703125
Cars 0.29296875 0.5146484375 0.04609375 0.0458984375
Cars 0.203125 0.53515625 0.0265625 0.0703125
Cars 0.0953125 0.5693359375 0.0953125 0.1142578125
Cars 0.75078125 0.453125 0.04609375 0.029296875
Cars 0.7734375 0.4599609375 0.0359375 0.0205078125
Cars 0.65078125 0.4560546875 0.04765625 0.0146484375
Cars 0.58359375 0.4853515625 0.02734375 0.0302734375
Cars 0.57109375 0.46875 0.02890625 0.03125
Cars 0.46328125 0.451171875 0.01484375 0.015625
Cars 0.39296875 0.4677734375 0.01640625 0.0224609375
Cars 0.41875 0.4599609375 0.0125 0.0185546875
