People 0.7078125 0.4580078125 0.0125 0.0185546875
Bicycles 0.70625 0.4814453125 0.009375 0.0107421875
Cars 0.82890625 0.564453125 0.16953125 0.150390625
Cars 0.5125 0.46875 0.0234375 0.02734375
Cars 0.4984375 0.458984375 0.0234375 0.025390625
Cars 0.47421875 0.4609375 0.01015625 0.013671875
Cars 0.4625 0.45703125 0.0078125 0.009765625
Cars 0.4171875 0.45703125 0.009375 0.009765625
Cars 0.38515625 0.462890625 0.01015625 0.013671875
People 0.35703125 0.4091796875 0.01015625 0.0126953125
Cars 0.3328125 0.46484375 0.040625 0.048828125
Cars 0.24921875 0.4541015625 0.02578125 0.0205078125
Cars 0.3 0.48828125 0.0421875 0.04296875
Cars 0.08515625 0.4736328125 0.05859375 0.0439453125
Cars 0.16640625 0.513671875 0.10078125 0.07421875
Cars 0.03515625 0.54296875 0.03515625 0.134765625
