People 0.08671875 0.4814453125 0.02265625 0.0693359375
People 0.14296875 0.47265625 0.02578125 0.05078125
People 0.1875 0.46875 0.0203125 0.044921875
Cars 0.2453125 0.466796875 0.0328125 0.041015625
Cars 0.57109375 0.4541015625 0.02578125 0.0166015625
Bicycles 0.08046875 0.5244140625 0.02265625 0.0517578125
Bicycles 0.1453125 0.5107421875 0.021875 0.0361328125
Bicycles 0.19140625 0.50390625 0.01484375 0.029296875
Bicycles 0.321875 0.486328125 0.009375 0.013671875
Bicycles 0.290625 0.48828125 0.0140625 0.015625
Bicycles 0.25546875 0.5009765625 0.01015625 0.0146484375
