Bicycles 0.5109375 0.53125 0.009375 0.03515625
Cars 0.934375 0.55078125 0.0640625 0.115234375
Cars 0.7609375 0.51171875 0.0828125 0.06640625
Cars 0.67578125 0.49609375 0.04296875 0.048828125
Cars 0.63515625 0.4892578125 0.03203125 0.0419921875
Cars 0.5921875 0.48046875 0.0296875 0.03125
Cars 0.01953125 0.541015625 0.01953125 0.0703125
Cars 0.09375 0.51171875 0.0734375 0.0625
Cars 0.1859375 0.4951171875 0.0453125 0.0498046875
Cars 0.26484375 0.486328125 0.03671875 0.033203125
Cars 0.2953125 0.474609375 0.0296875 0.033203125
Cars 0.35546875 0.466796875 0.01796875 0.01953125
Cars 0.553125 0.47265625 0.0140625 0.02734375
Cars 0.5359375 0.4677734375 0.0109375 0.0205078125
People 0.509375 0.458984375 0.0140625 0.04296875
Cars 0.484375 0.4609375 0.0109375 0.013671875
Cars 0.4671875 0.45703125 0.009375 0.01171875
Cars 0.44765625 0.466796875 0.02734375 0.013671875
Cars 0.4140625 0.4619140625 0.009375 0.0126953125
Cars 0.39921875 0.46484375 0.01015625 0.01171875
Cars 0.37265625 0.4658203125 0.01484375 0.0166015625
Cars 0.33515625 0.4736328125 0.01328125 0.0185546875
