People 0.85546875 0.4931640625 0.01328125 0.0498046875
People 0.21875 0.4609375 0.0109375 0.03515625
Cars 0.6453125 0.4912109375 0.0234375 0.0302734375
Cars 0.675 0.5078125 0.034375 0.04296875
Cars 0.7546875 0.53125 0.075 0.07421875
Cars 0.55625 0.44140625 0.0171875 0.017578125
Cars 0.47734375 0.435546875 0.01484375 0.017578125
Bicycles 0.9640625 0.5693359375 0.034375 0.0732421875
Bicycles 0.9140625 0.5625 0.034375 0.0546875
People 0.62421875 0.4482421875 0.01015625 0.0205078125
People 0.61171875 0.4541015625 0.01015625 0.0302734375
People 0.37109375 0.4453125 0.00703125 0.017578125
