People 0.19609375 0.4892578125 0.01484375 0.0439453125
People 0.34453125 0.4765625 0.01171875 0.029296875
People 0.59296875 0.48828125 0.01484375 0.0390625
People 0.71796875 0.4951171875 0.01640625 0.0498046875
Cars 0.28515625 0.5244140625 0.05390625 0.0595703125
Cars 0.61328125 0.46875 0.02109375 0.021484375
Cars 0.68515625 0.458984375 0.02734375 0.017578125
Cars 0.55625 0.4599609375 0.0140625 0.0146484375
Cars 0.4390625 0.44921875 0.01875 0.013671875
Cars 0.465625 0.453125 0.01875 0.015625
People 0.284375 0.4521484375 0.0109375 0.0185546875
People 0.5796875 0.47265625 0.0125 0.029296875
