Cars 0.07734375 0.49609375 0.07578125 0.060546875
Cars 0.16640625 0.4833984375 0.03828125 0.0439453125
Cars 0.2359375 0.4794921875 0.0375 0.0361328125
Cars 0.33203125 0.4736328125 0.03046875 0.0283203125
Cars 0.5921875 0.525390625 0.0640625 0.06640625
Cars 0.53984375 0.4912109375 0.03984375 0.0478515625
People 0.44140625 0.4697265625 0.00703125 0.0205078125
Cars 0.95625 0.5927734375 0.0421875 0.0732421875
People 0.48359375 0.4755859375 0.00546875 0.0205078125
People 0.4171875 0.46875 0.0078125 0.0234375
People 0.4265625 0.4677734375 0.0078125 0.0224609375
Cars 0.28671875 0.474609375 0.01796875 0.03125
Cars 0.37578125 0.47265625 0.01640625 0.01953125
Cars 0.3984375 0.47265625 0.0109375 0.015625
Cars 0.46171875 0.47265625 0.01171875 0.013671875
