Cars 0.07890625 0.5595703125 0.07734375 0.0986328125
Cars 0.2515625 0.46484375 0.0375 0.037109375
Cars 0.2703125 0.505859375 0.053125 0.046875
Cars 0.33984375 0.4853515625 0.03046875 0.0361328125
Cars 0.39765625 0.4794921875 0.02578125 0.0263671875
Cars 0.6546875 0.51171875 0.0375 0.048828125
Cars 0.83203125 0.5810546875 0.14296875 0.1396484375
Cars 0.9015625 0.74609375 0.0953125 0.2265625
People 0.60234375 0.509765625 0.02109375 0.06640625
People 0.5734375 0.4833984375 0.0109375 0.0458984375
People 0.54140625 0.49609375 0.01484375 0.046875
Cars 0.42265625 0.4755859375 0.01328125 0.0185546875
Cars 0.4265625 0.46484375 0.0171875 0.017578125
Cars 0.46171875 0.4580078125 0.01484375 0.0166015625
Cars 0.478125 0.4541015625 0.0109375 0.0146484375
