Cars 0.2390625 0.505859375 0.0671875 0.05078125
Cars 0.31484375 0.49609375 0.03046875 0.037109375
Cars 0.83125 0.576171875 0.1328125 0.138671875
Cars 0.68984375 0.5458984375 0.04609375 0.0654296875
Cars 0.67734375 0.513671875 0.04765625 0.044921875
Cars 0.6515625 0.49609375 0.0421875 0.046875
Cars 0.5765625 0.4677734375 0.021875 0.0224609375
Cars 0.4375 0.46484375 0.0125 0.017578125
People 0.4671875 0.4599609375 0.009375 0.0185546875
People 0.54375 0.4638671875 0.009375 0.0205078125
People 0.5328125 0.4638671875 0.009375 0.0205078125
Cars 0.37578125 0.45703125 0.01328125 0.01953125
Cars 0.40859375 0.46875 0.02421875 0.02734375
Cars 0.36015625 0.462890625 0.01171875 0.01953125
Cars 0.04140625 0.517578125 0.03671875 0.0390625
