People 0.971875 0.4814453125 0.0171875 0.0947265625
People 0.94609375 0.455078125 0.01171875 0.052734375
People 0.92578125 0.455078125 0.01328125 0.05078125
People 0.903125 0.4755859375 0.01875 0.0732421875
People 0.86640625 0.4755859375 0.01328125 0.0537109375
People 0.84296875 0.46875 0.01328125 0.060546875
People 0.81640625 0.474609375 0.01171875 0.0390625
Cars 0.765625 0.4375 0.0109375 0.02734375
People 0.7984375 0.453125 0.009375 0.025390625
People 0.78203125 0.482421875 0.01015625 0.044921875
People 0.746875 0.4599609375 0.0125 0.0419921875
People 0.73046875 0.447265625 0.01171875 0.0390625
People 0.7171875 0.4697265625 0.0125 0.0380859375
People 0.7046875 0.458984375 0.0125 0.029296875
People 0.678125 0.466796875 0.0109375 0.033203125
Cars 0.28984375 0.482421875 0.04296875 0.041015625
