Cars 0.35859375 0.4951171875 0.06640625 0.0361328125
Cars 0.7765625 0.4814453125 0.0453125 0.0283203125
Cars 0.85625 0.474609375 0.046875 0.021484375
Cars 0.9609375 0.466796875 0.0359375 0.02734375
People 0.69921875 0.470703125 0.01640625 0.0390625
People 0.6625 0.474609375 0.0140625 0.037109375
People 0.59609375 0.482421875 0.01171875 0.03515625
People 0.2359375 0.5126953125 0.01875 0.0634765625
People 0.171875 0.501953125 0.0171875 0.052734375
People 0.14609375 0.505859375 0.01171875 0.05078125
Cars 0.0796875 0.5400390625 0.0765625 0.0654296875
People 0.121875 0.478515625 0.0140625 0.03125
People 0.9 0.466796875 0.0078125 0.025390625
People 0.890625 0.45703125 0.009375 0.01953125
People 0.265625 0.51171875 0.0140625 0.0546875
People 0.20078125 0.50390625 0.01171875 0.05859375
