Bicycles 0.58125 0.5380859375 0.0125 0.0615234375
Bicycles 0.4984375 0.5390625 0.0125 0.0546875
Bicycles 0.4125 0.501953125 0.00625 0.033203125
Bicycles 0.90234375 0.5517578125 0.04765625 0.0888671875
Bicycles 0.7953125 0.509765625 0.0390625 0.078125
Bicycles 0.8265625 0.5205078125 0.0359375 0.0693359375
People 0.8859375 0.4248046875 0.0203125 0.0302734375
People 0.8640625 0.419921875 0.01875 0.03125
People 0.82578125 0.4208984375 0.02109375 0.0361328125
People 0.4578125 0.4736328125 0.015625 0.0439453125
Cars 0.090625 0.517578125 0.090625 0.072265625
Cars 0.1890625 0.494140625 0.05 0.052734375
Cars 0.24375 0.4814453125 0.0296875 0.0400390625
Cars 0.3859375 0.466796875 0.0203125 0.017578125
Bicycles 0.9765625 0.5595703125 0.01875 0.1064453125
Bicycles 0.67421875 0.4951171875 0.01171875 0.0341796875
Bicycles 0.6453125 0.494140625 0.0171875 0.037109375
People 0.55390625 0.4560546875 0.01015625 0.0205078125
People 0.5828125 0.42578125 0.0234375 0.0625
People 0.49765625 0.4423828125 0.02265625 0.0478515625
People 0.41328125 0.4462890625 0.01328125 0.0283203125
