Cars 0.32265625 0.498046875 0.04296875 0.0546875
Cars 0.428125 0.494140625 0.01875 0.01953125
Cars 0.23671875 0.5341796875 0.08359375 0.0673828125
Cars 0.40234375 0.4892578125 0.01328125 0.0146484375
People 0.93359375 0.54296875 0.05546875 0.19140625
People 0.859375 0.5390625 0.03125 0.173828125
People 0.80625 0.548828125 0.05 0.18359375
People 0.6546875 0.5087890625 0.015625 0.0478515625
People 0.62734375 0.49609375 0.01484375 0.046875
People 0.56796875 0.4970703125 0.01484375 0.0439453125
People 0.5390625 0.498046875 0.0125 0.04296875
People 0.5015625 0.4755859375 0.0109375 0.0205078125
People 0.51484375 0.5029296875 0.01640625 0.0458984375
People 0.58828125 0.4970703125 0.01015625 0.0322265625
