Cars 0.721875 0.5087890625 0.14375 0.1376953125
Cars 0.55859375 0.53125 0.03359375 0.068359375
People 0.4953125 0.5419921875 0.01875 0.0498046875
Dogs 0.46796875 0.5712890625 0.01484375 0.0185546875
Cars 0.38203125 0.541015625 0.07109375 0.072265625
Cars 0.2640625 0.5478515625 0.0453125 0.0458984375
Cars 0.1828125 0.5615234375 0.0328125 0.0283203125
Cars 0.14140625 0.55859375 0.01328125 0.033203125
Cars 0.07734375 0.5439453125 0.05234375 0.0517578125
Cars 0.0140625 0.5380859375 0.0125 0.0693359375
