Cars 0.3375 0.51171875 0.05625 0.056640625
Cars 0.153125 0.5380859375 0.153125 0.1083984375
Cars 0.559375 0.48828125 0.0578125 0.0390625
People 0.65625 0.494140625 0.0125 0.046875
People 0.45859375 0.48828125 0.01796875 0.0546875
People 0.4140625 0.478515625 0.009375 0.041015625
People 0.43125 0.4794921875 0.009375 0.0458984375
Cars 0.8953125 0.4853515625 0.0203125 0.0166015625
Cars 0.9359375 0.4775390625 0.0265625 0.0283203125
People 0.51796875 0.4697265625 0.01171875 0.0263671875
People 0.0140625 0.453125 0.0109375 0.025390625
People 0.03828125 0.4580078125 0.01640625 0.0263671875
People 0.48203125 0.482421875 0.01171875 0.037109375
