People 0.98203125 0.484375 0.01640625 0.083984375
People 0.94296875 0.49609375 0.02109375 0.07421875
People 0.9078125 0.490234375 0.0171875 0.076171875
People 0.8140625 0.4853515625 0.015625 0.0419921875
People 0.79453125 0.4833984375 0.01171875 0.0419921875
Cars 0.3703125 0.49609375 0.0140625 0.021484375
Cars 0.3390625 0.5068359375 0.03125 0.0322265625
Cars 0.33046875 0.5283203125 0.02890625 0.0283203125
Cars 0.47578125 0.515625 0.08046875 0.072265625
Cars 0.2234375 0.4951171875 0.0796875 0.0771484375
