Cars 0.45703125 0.46484375 0.03515625 0.029296875
Cars 0.5203125 0.4609375 0.0171875 0.01953125
Cars 0.69140625 0.4677734375 0.02421875 0.0283203125
Cars 0.765625 0.4677734375 0.0390625 0.0517578125
Cars 0.7859375 0.4951171875 0.01875 0.0419921875
Cars 0.84609375 0.482421875 0.02578125 0.048828125
People 0.54765625 0.4873046875 0.01328125 0.0458984375
People 0.57734375 0.4951171875 0.01953125 0.0595703125
People 0.6484375 0.5224609375 0.0296875 0.0908203125
Cars 0.27734375 0.458984375 0.00859375 0.03515625
Cars 0.21171875 0.4580078125 0.05234375 0.0478515625
Cars 0.09453125 0.4287109375 0.06328125 0.0341796875
