Cars 0.72109375 0.486328125 0.26796875 0.130859375
People 0.4203125 0.5693359375 0.0359375 0.1748046875
Cars 0.38125 0.45703125 0.0109375 0.013671875
Cars 0.3640625 0.4609375 0.009375 0.013671875
Cars 0.34453125 0.466796875 0.01171875 0.013671875
Cars 0.32734375 0.470703125 0.01015625 0.013671875
Cars 0.30859375 0.47265625 0.01171875 0.015625
Cars 0.27421875 0.4658203125 0.02265625 0.0263671875
Cars 0.2171875 0.4873046875 0.0515625 0.0439453125
People 0.13046875 0.4951171875 0.01640625 0.0634765625
People 0.01640625 0.5048828125 0.01640625 0.0615234375
