Cars 0.234375 0.4619140625 0.0203125 0.0224609375
Cars 0.57734375 0.4794921875 0.03515625 0.0361328125
People 0.2546875 0.4765625 0.0296875 0.060546875
People 0.059375 0.572265625 0.059375 0.201171875
People 0.30703125 0.6240234375 0.06796875 0.1357421875
People 0.3921875 0.4873046875 0.034375 0.0693359375
Bicycles 0.4171875 0.548828125 0.0328125 0.033203125
Bicycles 0.7703125 0.5966796875 0.08125 0.0498046875
People 0.7703125 0.4638671875 0.0140625 0.0380859375
People 0.7171875 0.4609375 0.0140625 0.0390625
People 0.7640625 0.5322265625 0.046875 0.0927734375
People 0.1703125 0.443359375 0.0109375 0.021484375
Cars 0.54453125 0.466796875 0.01640625 0.021484375
Cars 0.53359375 0.458984375 0.01484375 0.021484375
Cars 0.51640625 0.4521484375 0.01015625 0.0146484375
People 0.68828125 0.453125 0.01015625 0.03125
People 0.85390625 0.4423828125 0.01484375 0.0166015625
People 0.9875 0.4423828125 0.0109375 0.0185546875
Cars 0.18828125 0.4638671875 0.01796875 0.0166015625
