Cars 0.61875 0.4658203125 0.0390625 0.0419921875
Cars 0.56328125 0.4482421875 0.01796875 0.0322265625
Cars 0.540625 0.455078125 0.0109375 0.0234375
Cars 0.52734375 0.4462890625 0.01015625 0.0166015625
Cars 0.509375 0.4453125 0.0125 0.013671875
Cars 0.4921875 0.443359375 0.0078125 0.009765625
Cars 0.45546875 0.4482421875 0.01796875 0.0205078125
Cars 0.3515625 0.4541015625 0.0140625 0.0302734375
People 0.32109375 0.4716796875 0.01171875 0.0693359375
Bicycles 0.36015625 0.513671875 0.02578125 0.0234375
Bicycles 0.2890625 0.5126953125 0.021875 0.0283203125
Cars 0.26875 0.470703125 0.0421875 0.046875
