Cars 0.28046875 0.4736328125 0.02734375 0.0302734375
Cars 0.13671875 0.4892578125 0.06015625 0.0517578125
Cars 0.0203125 0.4931640625 0.0203125 0.0771484375
Cars 0.35234375 0.46875 0.01484375 0.015625
Cars 0.4078125 0.46484375 0.0140625 0.015625
People 0.75546875 0.458984375 0.01796875 0.0546875
People 0.64296875 0.466796875 0.01015625 0.0390625
People 0.6140625 0.4541015625 0.0140625 0.0322265625
Bicycles 0.7625 0.509765625 0.0234375 0.0625
People 0.98359375 0.4306640625 0.01328125 0.0498046875
People 0.9390625 0.439453125 0.015625 0.06640625
