Cars 0.6234375 0.48828125 0.0484375 0.048828125
Cars 0.44609375 0.5029296875 0.05546875 0.0595703125
Bicycles 0.6359375 0.5419921875 0.0125 0.0419921875
Bicycles 0.8421875 0.6201171875 0.0546875 0.0908203125
People 0.634375 0.4775390625 0.0125 0.0595703125
People 0.8390625 0.4921875 0.0546875 0.15234375
People 0.20625 0.46875 0.0109375 0.015625
People 0.23359375 0.4677734375 0.01015625 0.0126953125
People 0.1546875 0.470703125 0.009375 0.017578125
People 0.13203125 0.4716796875 0.01171875 0.0185546875
People 0.1140625 0.46875 0.009375 0.01953125
People 0.103125 0.47265625 0.00625 0.013671875
People 0.075 0.470703125 0.009375 0.021484375
Cars 0.4578125 0.443359375 0.0328125 0.017578125
Cars 0.3859375 0.4765625 0.0125 0.017578125
