People 0.7609375 0.5087890625 0.0171875 0.0458984375
People 0.7078125 0.4921875 0.01875 0.078125
People 0.67265625 0.5 0.02421875 0.076171875
People 0.59765625 0.484375 0.02109375 0.06640625
People 0.4796875 0.490234375 0.021875 0.037109375
People 0.41875 0.4892578125 0.0203125 0.0439453125
People 0.38828125 0.4814453125 0.01484375 0.0380859375
People 0.353125 0.4853515625 0.021875 0.0439453125
People 0.3015625 0.4765625 0.021875 0.06640625
People 0.26015625 0.4794921875 0.02734375 0.0791015625
People 0.22578125 0.4599609375 0.01171875 0.0322265625
People 0.09140625 0.47265625 0.01484375 0.04296875
