Cars 0.975 0.4853515625 0.0234375 0.0380859375
People 0.91875 0.4794921875 0.00625 0.0341796875
Cars 0.87890625 0.4921875 0.03671875 0.03515625
Cars 0.7765625 0.4912109375 0.0390625 0.0380859375
People 0.52734375 0.4697265625 0.00703125 0.0126953125
People 0.5078125 0.466796875 0.009375 0.021484375
People 0.490625 0.48046875 0.009375 0.0390625
Cars 0.625 0.5263671875 0.1234375 0.0849609375
Cars 0.43515625 0.4921875 0.03515625 0.03515625
Cars 0.2734375 0.4970703125 0.0359375 0.0322265625
Cars 0.16953125 0.490234375 0.03671875 0.03515625
Cars 0.11796875 0.4921875 0.01484375 0.03515625
Bicycles 0.09140625 0.5234375 0.01015625 0.015625
People 0.0796875 0.501953125 0.0109375 0.037109375
Bicycles 0.04453125 0.517578125 0.01484375 0.01953125
Cars 0.08125 0.47265625 0.0234375 0.01953125
Cars 0.01484375 0.490234375 0.01484375 0.041015625
