People 0.10546875 0.5234375 0.02109375 0.0625
Cars 0.3078125 0.5107421875 0.0546875 0.0537109375
Cars 0.04453125 0.6953125 0.04296875 0.111328125
Cars 0.896875 0.681640625 0.1015625 0.1328125
Cars 0.81328125 0.5791015625 0.10390625 0.0908203125
Cars 0.71015625 0.5390625 0.04765625 0.052734375
Cars 0.6515625 0.513671875 0.0328125 0.033203125
Cars 0.03359375 0.5048828125 0.03359375 0.0458984375
Cars 0.15 0.501953125 0.028125 0.052734375
Cars 0.0875 0.4892578125 0.03125 0.0478515625
Cars 0.2171875 0.478515625 0.015625 0.033203125
Cars 0.61875 0.4970703125 0.0203125 0.0263671875
Cars 0.603125 0.4892578125 0.021875 0.0263671875
Cars 0.575 0.4755859375 0.0171875 0.0205078125
Cars 0.56328125 0.46484375 0.01640625 0.015625
