Cars 0.10625 0.56640625 0.103125 0.08203125
Cars 0.0625 0.642578125 0.0625 0.119140625
Cars 0.29765625 0.517578125 0.05390625 0.0546875
Cars 0.346875 0.4951171875 0.028125 0.0361328125
Cars 0.39375 0.478515625 0.03125 0.03515625
Cars 0.475 0.45703125 0.0234375 0.0234375
Cars 0.62265625 0.482421875 0.01796875 0.029296875
Cars 0.64765625 0.490234375 0.01796875 0.037109375
Cars 0.7140625 0.5234375 0.06875 0.076171875
Cars 0.95546875 0.65234375 0.04296875 0.171875
People 0.88046875 0.671875 0.05234375 0.197265625
People 0.2328125 0.595703125 0.04375 0.1171875
Bicycles 0.23671875 0.701171875 0.04140625 0.072265625
Cars 0.41640625 0.462890625 0.01640625 0.02734375
Cars 0.43203125 0.4599609375 0.01328125 0.0263671875
Cars 0.50703125 0.44140625 0.01015625 0.01171875
Cars 0.5171875 0.4365234375 0.0125 0.0146484375
Cars 0.58984375 0.4453125 0.01484375 0.015625
People 0.53359375 0.4580078125 0.01015625 0.0205078125
