People 0.0203125 0.5341796875 0.0171875 0.0810546875
Cars 0.2203125 0.5029296875 0.0796875 0.0439453125
Cars 0.7015625 0.4873046875 0.0515625 0.0283203125
Cars 0.78828125 0.484375 0.04140625 0.0234375
Cars 0.88984375 0.4736328125 0.04921875 0.0322265625
People 0.51015625 0.48828125 0.01328125 0.041015625
People 0.60078125 0.4794921875 0.01171875 0.0458984375
People 0.6328125 0.4765625 0.0140625 0.0390625
Cars 0.14296875 0.4814453125 0.03515625 0.0341796875
People 0.73359375 0.4560546875 0.01015625 0.0126953125
People 0.82734375 0.46484375 0.01015625 0.01953125
People 0.81484375 0.462890625 0.00859375 0.01953125
Cars 0.95390625 0.4775390625 0.02109375 0.0205078125
People 0.990625 0.4677734375 0.0078125 0.0224609375
