Bicycles 0.19765625 0.71484375 0.01796875 0.068359375
People 0.7828125 0.6240234375 0.04375 0.1552734375
People 0.203125 0.6181640625 0.046875 0.1279296875
Cars 0.90078125 0.6630859375 0.09765625 0.1142578125
Cars 0.7140625 0.556640625 0.034375 0.095703125
Cars 0.8265625 0.513671875 0.0421875 0.046875
Cars 0.6484375 0.5029296875 0.0484375 0.0478515625
Cars 0.34375 0.5087890625 0.0453125 0.0419921875
Cars 0.4125 0.4736328125 0.0234375 0.0302734375
Cars 0.13046875 0.5244140625 0.05546875 0.0517578125
Cars 0.43203125 0.466796875 0.01328125 0.0234375
Cars 0.45 0.4599609375 0.0125 0.0224609375
Cars 0.4875 0.4638671875 0.025 0.0185546875
Cars 0.51640625 0.4443359375 0.01171875 0.0126953125
Cars 0.60390625 0.478515625 0.01484375 0.0234375
Cars 0.9140625 0.51171875 0.08125 0.046875
Cars 0.14140625 0.5595703125 0.03984375 0.0654296875
Cars 0.24375 0.5458984375 0.040625 0.0537109375
Cars 0.3796875 0.490234375 0.0234375 0.03125
