People 0.63203125 0.482421875 0.01171875 0.041015625
Cars 0.58359375 0.4462890625 0.03984375 0.0751953125
Cars 0.83515625 0.4609375 0.02734375 0.017578125
Cars 0.40390625 0.4638671875 0.01640625 0.0205078125
Cars 0.28203125 0.4892578125 0.05390625 0.0478515625
Cars 0.521875 0.4658203125 0.021875 0.0185546875
Cars 0.490625 0.462890625 0.0078125 0.009765625
Cars 0.47109375 0.462890625 0.00546875 0.009765625
Cars 0.45078125 0.462890625 0.00859375 0.009765625
Cars 0.428125 0.458984375 0.0078125 0.013671875
