Bicycles 0.2609375 0.705078125 0.0515625 0.068359375
People 0.2671875 0.6083984375 0.053125 0.1279296875
People 0.940625 0.7470703125 0.05625 0.2158203125
Cars 0.86171875 0.6181640625 0.13359375 0.1396484375
Cars 0.7046875 0.521484375 0.053125 0.05078125
Cars 0.65625 0.5048828125 0.028125 0.0361328125
Cars 0.59140625 0.453125 0.01796875 0.01953125
Cars 0.47578125 0.451171875 0.01796875 0.017578125
Cars 0.41640625 0.46875 0.02421875 0.03515625
Cars 0.40625 0.4755859375 0.0171875 0.0341796875
Cars 0.3734375 0.484375 0.025 0.04296875
Cars 0.34375 0.494140625 0.0421875 0.046875
Cars 0.21640625 0.5146484375 0.03828125 0.0302734375
Cars 0.115625 0.60546875 0.1109375 0.103515625
Cars 0.5078125 0.4423828125 0.0109375 0.0146484375
Cars 0.7078125 0.4423828125 0.0234375 0.0166015625
Cars 0.67734375 0.4404296875 0.01171875 0.0166015625
