Cars 0.92890625 0.4501953125 0.02265625 0.0556640625
People 0.89140625 0.4716796875 0.01484375 0.0947265625
People 0.871875 0.4326171875 0.009375 0.0302734375
People 0.8484375 0.4560546875 0.0203125 0.0556640625
People 0.79609375 0.4638671875 0.00703125 0.0517578125
People 0.76484375 0.4990234375 0.01328125 0.0849609375
People 0.65859375 0.458984375 0.01484375 0.048828125
People 0.59375 0.47265625 0.015625 0.048828125
Cars 0.453125 0.4677734375 0.0140625 0.0146484375
Cars 0.446875 0.455078125 0.0078125 0.0078125
Cars 0.42734375 0.453125 0.00546875 0.0078125
Cars 0.403125 0.458984375 0.0078125 0.009765625
Cars 0.36875 0.46484375 0.00625 0.009765625
Cars 0.35625 0.470703125 0.00625 0.009765625
Cars 0.346875 0.47265625 0.00625 0.009765625
Cars 0.3375 0.47265625 0.00625 0.009765625
Cars 0.325 0.47265625 0.009375 0.015625
Cars 0.28125 0.4814453125 0.0375 0.0361328125
