Cars 0.74140625 0.46875 0.01328125 0.01171875
Cars 0.7109375 0.466796875 0.0125 0.013671875
Cars 0.6671875 0.4697265625 0.021875 0.0126953125
Cars 0.59609375 0.4677734375 0.02890625 0.0126953125
Cars 0.55546875 0.47265625 0.01171875 0.01171875
Cars 0.4046875 0.4638671875 0.0171875 0.0146484375
Cars 0.29453125 0.501953125 0.06953125 0.05859375
Cars 0.21171875 0.45703125 0.01640625 0.015625
Cars 0.175 0.453125 0.01875 0.013671875
Cars 0.121875 0.447265625 0.015625 0.01171875
Cars 0.06953125 0.447265625 0.02109375 0.01171875
Cars 0.06171875 0.4921875 0.05234375 0.033203125
Cars 0.98125 0.4697265625 0.0171875 0.0146484375
