Cars 0.0546875 0.47265625 0.05 0.03125
Cars 0.09375 0.46484375 0.028125 0.01953125
Cars 0.16640625 0.4833984375 0.02578125 0.0263671875
Cars 0.41796875 0.4697265625 0.02265625 0.0205078125
People 0.63125 0.466796875 0.009375 0.025390625
People 0.91015625 0.4892578125 0.01796875 0.0322265625
People 0.96328125 0.4736328125 0.02109375 0.0263671875
Cars 0.30234375 0.4912109375 0.08984375 0.0810546875
Cars 0.48125 0.4658203125 0.025 0.0283203125
People 0.44765625 0.4599609375 0.00703125 0.0146484375
Bicycles 0.8171875 0.5390625 0.0265625 0.048828125
