Cars 0.96171875 0.533203125 0.03671875 0.080078125
Cars 0.88671875 0.4853515625 0.11171875 0.1044921875
Cars 0.8203125 0.4775390625 0.075 0.0771484375
Cars 0.7375 0.4892578125 0.0125 0.0341796875
Cars 0.603125 0.5029296875 0.125 0.1591796875
Cars 0.40625 0.4716796875 0.071875 0.0810546875
Cars 0.36328125 0.490234375 0.02109375 0.06640625
Cars 0.3125 0.47265625 0.04375 0.091796875
People 0.25234375 0.4609375 0.03671875 0.09765625
Bicycles 0.2625 0.64453125 0.03125 0.08203125
Cars 0.11640625 0.4833984375 0.11640625 0.1298828125
Cars 0.0203125 0.53125 0.0203125 0.095703125
