People 0.73125 0.47265625 0.0109375 0.029296875
People 0.88671875 0.4365234375 0.01484375 0.0185546875
Cars 0.6453125 0.50390625 0.0671875 0.056640625
Cars 0.45546875 0.4736328125 0.04296875 0.0458984375
Cars 0.38671875 0.462890625 0.02109375 0.0234375
Cars 0.29765625 0.478515625 0.05859375 0.0546875
People 0.1234375 0.4658203125 0.009375 0.0302734375
People 0.10859375 0.4619140625 0.01015625 0.0322265625
People 0.15625 0.462890625 0.0109375 0.03125
People 0.7765625 0.4658203125 0.0125 0.0263671875
