People 0.6015625 0.5166015625 0.028125 0.0849609375
People 0.57109375 0.501953125 0.01640625 0.052734375
People 0.39453125 0.490234375 0.01171875 0.041015625
People 0.3734375 0.4873046875 0.0140625 0.0380859375
Cars 0.6578125 0.5205078125 0.0359375 0.0537109375
Cars 0.715625 0.544921875 0.059375 0.072265625
Cars 0.81640625 0.59375 0.13515625 0.115234375
Cars 0.51640625 0.4765625 0.02265625 0.015625
Cars 0.27578125 0.51171875 0.03671875 0.048828125
Cars 0.1875 0.5166015625 0.0625 0.0693359375
Cars 0.32734375 0.5029296875 0.02890625 0.0361328125
Cars 0.08515625 0.55859375 0.08359375 0.08984375
Cars 0.54296875 0.4765625 0.01015625 0.01171875
Cars 0.41875 0.46875 0.0203125 0.01953125
