People 0.778125 0.4609375 0.0109375 0.017578125
People 0.7484375 0.4736328125 0.009375 0.0185546875
People 0.73125 0.4775390625 0.0078125 0.0146484375
People 0.71953125 0.48828125 0.00703125 0.021484375
Cars 0.875 0.4931640625 0.015625 0.0283203125
Cars 0.79375 0.4931640625 0.0609375 0.0341796875
Cars 0.98671875 0.5068359375 0.01171875 0.0263671875
People 0.68125 0.4833984375 0.00625 0.0185546875
People 0.66875 0.4853515625 0.00625 0.0205078125
People 0.65546875 0.486328125 0.00546875 0.015625
Cars 0.56640625 0.48828125 0.02734375 0.02734375
Cars 0.5109375 0.4921875 0.0140625 0.015625
Cars 0.4578125 0.494140625 0.0171875 0.015625
Cars 0.32890625 0.501953125 0.03046875 0.025390625
Cars 0.14296875 0.5068359375 0.05390625 0.0341796875
Cars 0.046875 0.53125 0.046875 0.091796875
