Cars 0.1234375 0.51953125 0.103125 0.076171875
Cars 0.2390625 0.5087890625 0.0453125 0.0498046875
Cars 0.334375 0.4755859375 0.0453125 0.0361328125
Cars 0.409375 0.466796875 0.0203125 0.0234375
Cars 0.50546875 0.45703125 0.01640625 0.01953125
Cars 0.6578125 0.51171875 0.05625 0.05859375
People 0.53203125 0.466796875 0.01015625 0.03515625
People 0.55 0.4677734375 0.015625 0.0439453125
People 0.44140625 0.458984375 0.01015625 0.0234375
Cars 0.378125 0.4736328125 0.0109375 0.0263671875
Cars 0.38046875 0.4658203125 0.01796875 0.0283203125
People 0.45703125 0.4580078125 0.00703125 0.0244140625
People 0.4734375 0.453125 0.0078125 0.01953125
Cars 0.57578125 0.462890625 0.01796875 0.029296875
Cars 0.60546875 0.4736328125 0.03046875 0.0419921875
Cars 0.72109375 0.4462890625 0.04296875 0.0146484375
Cars 0.75703125 0.48828125 0.01640625 0.033203125
Cars 0.8171875 0.4951171875 0.028125 0.0498046875
