Cars 0.06640625 0.42578125 0.06484375 0.052734375
Cars 0.78359375 0.427734375 0.03828125 0.041015625
Bicycles 0.04375 0.494140625 0.0171875 0.02734375
Bicycles 0.0140625 0.5009765625 0.0140625 0.0263671875
Bicycles 0.2453125 0.4755859375 0.0234375 0.0185546875
People 0.24609375 0.4453125 0.01640625 0.03515625
People 0.3390625 0.43359375 0.0171875 0.03125
Bicycles 0.340625 0.4658203125 0.0203125 0.0185546875
People 0.1328125 0.447265625 0.0171875 0.041015625
Bicycles 0.13203125 0.486328125 0.02421875 0.01953125
