People 0.63984375 0.5009765625 0.01640625 0.0751953125
People 0.6078125 0.50390625 0.0171875 0.0703125
People 0.53828125 0.4970703125 0.02109375 0.0654296875
People 0.42578125 0.509765625 0.02578125 0.05078125
People 0.3671875 0.498046875 0.01875 0.04296875
People 0.340625 0.5078125 0.015625 0.0546875
People 0.30703125 0.498046875 0.01953125 0.04296875
People 0.253125 0.490234375 0.021875 0.068359375
People 0.18359375 0.4892578125 0.02109375 0.0771484375
People 0.040625 0.48046875 0.01875 0.0390625
