Cars 0.0375 0.607421875 0.0375 0.11328125
Cars 0.20078125 0.544921875 0.07265625 0.0625
Cars 0.590625 0.4873046875 0.028125 0.0341796875
Cars 0.63125 0.505859375 0.0375 0.0390625
Cars 0.67734375 0.5283203125 0.06171875 0.0595703125
Cars 0.88203125 0.7294921875 0.11640625 0.1552734375
Cars 0.35546875 0.4765625 0.02578125 0.02734375
Cars 0.37578125 0.46875 0.02421875 0.02734375
Cars 0.565625 0.4638671875 0.025 0.0205078125
Cars 0.540625 0.44921875 0.0140625 0.017578125
Cars 0.496875 0.4306640625 0.009375 0.0126953125
Cars 0.4484375 0.4482421875 0.0109375 0.0126953125
People 0.4359375 0.4462890625 0.0078125 0.0185546875
People 0.41328125 0.443359375 0.00546875 0.017578125
Cars 0.08984375 0.474609375 0.02734375 0.04296875
