Cars 0.021875 0.4833984375 0.0203125 0.0654296875
Cars 0.05546875 0.4580078125 0.02734375 0.0478515625
Cars 0.196875 0.5771484375 0.1734375 0.1708984375
Cars 0.3484375 0.466796875 0.01875 0.03125
Cars 0.409375 0.4736328125 0.0265625 0.0478515625
Cars 0.4640625 0.4755859375 0.0390625 0.0517578125
Cars 0.496875 0.4833984375 0.021875 0.0576171875
Cars 0.6265625 0.482421875 0.0515625 0.05078125
People 0.9125 0.556640625 0.08125 0.294921875
People 0.75625 0.580078125 0.0859375 0.283203125
People 0.5640625 0.50390625 0.0234375 0.103515625
People 0.5234375 0.5087890625 0.025 0.1005859375
