Cars 0.3921875 0.5322265625 0.0171875 0.0224609375
Cars 0.36875 0.5322265625 0.01875 0.0205078125
People 0.75390625 0.548828125 0.02265625 0.056640625
People 0.77734375 0.53515625 0.01015625 0.0390625
People 0.7921875 0.53515625 0.0109375 0.03515625
People 0.040625 0.5166015625 0.009375 0.0205078125
People 0.03046875 0.51171875 0.01171875 0.025390625
People 0.8140625 0.537109375 0.0140625 0.0390625
People 0.64609375 0.5390625 0.01328125 0.0390625
People 0.61015625 0.5390625 0.01171875 0.033203125
People 0.1578125 0.51171875 0.009375 0.01953125
Cars 0.4953125 0.5361328125 0.01875 0.0185546875
