Cars 0.9203125 0.6240234375 0.078125 0.1689453125
Cars 0.81640625 0.54296875 0.16015625 0.126953125
Cars 0.47265625 0.5048828125 0.06015625 0.0595703125
Cars 0.36640625 0.4794921875 0.01484375 0.0146484375
Cars 0.275 0.4873046875 0.01875 0.0283203125
Cars 0.23828125 0.4970703125 0.02421875 0.0341796875
People 0.13828125 0.505859375 0.02109375 0.0625
People 0.09765625 0.48046875 0.01640625 0.041015625
Cars 0.05234375 0.5068359375 0.03671875 0.0673828125
People 0.32421875 0.478515625 0.00859375 0.017578125
Cars 0.40703125 0.470703125 0.01015625 0.013671875
People 0.52109375 0.4677734375 0.00546875 0.0126953125
