Cars 0.2359375 0.5087890625 0.053125 0.0478515625
Cars 0.353125 0.498046875 0.0234375 0.017578125
Cars 0.44375 0.4853515625 0.0140625 0.0166015625
Cars 0.5703125 0.5009765625 0.0234375 0.0673828125
Cars 0.5765625 0.513671875 0.0171875 0.072265625
Cars 0.659375 0.51171875 0.0703125 0.08203125
People 0.52109375 0.5048828125 0.02109375 0.0791015625
People 0.8515625 0.4873046875 0.01875 0.0947265625
People 0.8921875 0.4833984375 0.0296875 0.0986328125
People 0.9765625 0.48046875 0.0203125 0.09375
People 0.896875 0.462890625 0.0171875 0.068359375
