People 0.9125 0.5693359375 0.0859375 0.2705078125
People 0.4453125 0.4833984375 0.0125 0.0439453125
People 0.41171875 0.482421875 0.01328125 0.046875
People 0.37421875 0.4814453125 0.01640625 0.0498046875
Cars 0.8015625 0.5244140625 0.0640625 0.0947265625
Cars 0.78359375 0.494140625 0.09296875 0.095703125
Cars 0.67109375 0.5029296875 0.04765625 0.0634765625
Cars 0.64375 0.48828125 0.071875 0.06640625
Cars 0.53671875 0.4892578125 0.05234375 0.0439453125
Cars 0.51875 0.4775390625 0.0609375 0.0458984375
Cars 0.25625 0.466796875 0.0265625 0.017578125
Cars 0.1125 0.431640625 0.0328125 0.02734375
Cars 0.12578125 0.4775390625 0.05078125 0.0380859375
Cars 0.07265625 0.501953125 0.07109375 0.06640625
Cars 0.0296875 0.517578125 0.0265625 0.0703125
People 0.33984375 0.47265625 0.01171875 0.0234375
People 0.31015625 0.4658203125 0.01015625 0.0224609375
Bicycles 0.34140625 0.4912109375 0.01171875 0.0126953125
Bicycles 0.3125 0.48828125 0.0109375 0.013671875
