Cars 0.18046875 0.458984375 0.01640625 0.033203125
Cars 0.065625 0.4501953125 0.0265625 0.0419921875
Cars 0.37109375 0.4521484375 0.01484375 0.0126953125
People 0.60078125 0.4638671875 0.01171875 0.0341796875
People 0.58125 0.4658203125 0.009375 0.0419921875
People 0.49140625 0.4658203125 0.01640625 0.0478515625
Cars 0.53671875 0.46484375 0.01484375 0.0234375
Cars 0.4328125 0.45703125 0.0125 0.01171875
Cars 0.4671875 0.4560546875 0.009375 0.0146484375
Cars 0.196875 0.4580078125 0.0171875 0.0205078125
