Cars 0.0140625 0.5205078125 0.0140625 0.0615234375
Cars 0.04609375 0.5146484375 0.04296875 0.0615234375
Cars 0.1234375 0.5009765625 0.0546875 0.0478515625
Cars 0.1875 0.490234375 0.0421875 0.037109375
Cars 0.21796875 0.4765625 0.05546875 0.0390625
Cars 0.2875 0.4755859375 0.028125 0.0263671875
Cars 0.61015625 0.48828125 0.03984375 0.03515625
Cars 0.71484375 0.4951171875 0.12265625 0.0732421875
Cars 0.86953125 0.517578125 0.12578125 0.091796875
Cars 0.91953125 0.544921875 0.07578125 0.087890625
Cars 0.96953125 0.5751953125 0.02734375 0.0810546875
Cars 0.5578125 0.4951171875 0.015625 0.0224609375
Cars 0.54296875 0.4833984375 0.02734375 0.0263671875
People 0.35625 0.4736328125 0.00625 0.0205078125
People 0.38125 0.4736328125 0.0078125 0.0224609375
Cars 0.72734375 0.5263671875 0.06640625 0.0654296875
