Cars 0.93125 0.6259765625 0.0671875 0.1162109375
People 0.85859375 0.53515625 0.01796875 0.05078125
People 0.83515625 0.619140625 0.02890625 0.111328125
People 0.7796875 0.6005859375 0.0328125 0.1220703125
Cars 0.6421875 0.470703125 0.0234375 0.0234375
Cars 0.56484375 0.4541015625 0.01484375 0.0166015625
Cars 0.4296875 0.4794921875 0.028125 0.0302734375
Cars 0.4671875 0.462890625 0.01875 0.021484375
Cars 0.3390625 0.5146484375 0.059375 0.0673828125
Cars 0.15234375 0.484375 0.07734375 0.03515625
Cars 0.246875 0.455078125 0.046875 0.029296875
Cars 0.26953125 0.5576171875 0.06171875 0.0732421875
Cars 0.14453125 0.6083984375 0.11328125 0.1044921875
Cars 0.046875 0.7060546875 0.0453125 0.1396484375
Cars 0.740625 0.533203125 0.034375 0.048828125
Cars 0.49296875 0.458984375 0.01171875 0.017578125
Cars 0.5171875 0.447265625 0.0125 0.013671875
