People 0.1703125 0.48828125 0.0078125 0.029296875
People 0.61484375 0.4755859375 0.01484375 0.0439453125
People 0.64140625 0.4638671875 0.01640625 0.0537109375
People 0.75390625 0.4775390625 0.02734375 0.0791015625
Cars 0.81015625 0.4619140625 0.03046875 0.0380859375
Cars 0.925 0.447265625 0.071875 0.068359375
Cars 0.95078125 0.4892578125 0.04609375 0.0615234375
People 0.6765625 0.4287109375 0.0109375 0.0146484375
Cars 0.7203125 0.4521484375 0.0125 0.0185546875
People 0.1265625 0.4873046875 0.009375 0.0166015625
Cars 0.45390625 0.4619140625 0.01640625 0.0146484375
People 0.5921875 0.4599609375 0.009375 0.0283203125
