Cars 0.90546875 0.4931640625 0.09296875 0.1279296875
Cars 0.85 0.4765625 0.1140625 0.09765625
People 0.72109375 0.486328125 0.01171875 0.04296875
Cars 0.5984375 0.501953125 0.1203125 0.158203125
Cars 0.44375 0.482421875 0.0375 0.046875
People 0.38203125 0.494140625 0.06484375 0.134765625
Bicycles 0.34140625 0.6396484375 0.05859375 0.0966796875
Cars 0.2796875 0.4658203125 0.0703125 0.0966796875
Cars 0.2421875 0.49609375 0.0375 0.09765625
Cars 0.121875 0.484375 0.121875 0.140625
Cars 0.08515625 0.533203125 0.08515625 0.150390625
Bicycles 0.42421875 0.6240234375 0.01796875 0.0712890625
