Cars 0.0796875 0.607421875 0.0796875 0.09765625
Cars 0.17421875 0.552734375 0.06015625 0.064453125
Cars 0.23359375 0.513671875 0.04921875 0.046875
Cars 0.29296875 0.4970703125 0.03515625 0.0380859375
Cars 0.33125 0.4755859375 0.0296875 0.0341796875
Cars 0.625 0.5078125 0.053125 0.048828125
Cars 0.57265625 0.466796875 0.03046875 0.033203125
Cars 0.3796875 0.458984375 0.0171875 0.01953125
Cars 0.3921875 0.4521484375 0.01875 0.0185546875
Cars 0.43203125 0.4423828125 0.01328125 0.0126953125
Cars 0.715625 0.462890625 0.01875 0.02734375
Cars 0.915625 0.462890625 0.0515625 0.046875
Cars 0.9671875 0.455078125 0.025 0.0234375
Cars 0.53984375 0.4580078125 0.01171875 0.0224609375
Cars 0.47734375 0.4287109375 0.01015625 0.0126953125
Cars 0.51796875 0.439453125 0.01328125 0.015625
Cars 0.5265625 0.4462890625 0.0109375 0.0166015625
People 0.490625 0.431640625 0.0078125 0.013671875
People 0.45546875 0.4375 0.00703125 0.01953125
