People 0.5421875 0.4599609375 0.009375 0.0283203125
Cars 0.06328125 0.5498046875 0.05859375 0.1005859375
Cars 0.15625 0.5 0.0828125 0.0859375
Cars 0.25625 0.494140625 0.0390625 0.060546875
Cars 0.3296875 0.474609375 0.0421875 0.041015625
Cars 0.4109375 0.4619140625 0.0296875 0.0283203125
Cars 0.521875 0.44921875 0.0125 0.017578125
Cars 0.625 0.478515625 0.0359375 0.033203125
Cars 0.790625 0.578125 0.1109375 0.109375
Cars 0.88671875 0.697265625 0.11015625 0.21875
People 0.5609375 0.4609375 0.0125 0.03125
Cars 0.4359375 0.45703125 0.0109375 0.01953125
Cars 0.45390625 0.4560546875 0.01015625 0.0166015625
Cars 0.4578125 0.447265625 0.0125 0.017578125
People 0.48125 0.451171875 0.00625 0.017578125
People 0.49609375 0.44921875 0.00703125 0.01953125
Cars 0.60234375 0.4619140625 0.02265625 0.0283203125
Cars 0.37890625 0.470703125 0.01484375 0.029296875
Cars 0.68046875 0.4541015625 0.01796875 0.0224609375
