People 0.7046875 0.4619140625 0.009375 0.0361328125
Cars 0.584375 0.4619140625 0.04375 0.0498046875
Cars 0.53515625 0.4638671875 0.01015625 0.0263671875
Cars 0.515625 0.4599609375 0.0125 0.0185546875
Cars 0.49921875 0.453125 0.00703125 0.009765625
Cars 0.47421875 0.46875 0.01640625 0.01953125
Cars 0.43359375 0.4619140625 0.01171875 0.0146484375
Cars 0.38203125 0.4697265625 0.01640625 0.0166015625
Cars 0.2078125 0.494140625 0.0359375 0.044921875
Cars 0.1046875 0.4951171875 0.0671875 0.0791015625
Cars 0.0265625 0.5224609375 0.0265625 0.0771484375
