People 0.775 0.44921875 0.00625 0.009765625
People 0.74375 0.4453125 0.00625 0.01171875
People 0.70390625 0.4609375 0.00546875 0.01171875
People 0.68828125 0.4658203125 0.00546875 0.0126953125
People 0.6734375 0.4716796875 0.0046875 0.0107421875
People 0.61484375 0.4775390625 0.00703125 0.0224609375
People 0.60234375 0.482421875 0.00546875 0.017578125
People 0.59296875 0.4794921875 0.00546875 0.0126953125
Cars 0.73515625 0.494140625 0.09453125 0.0390625
Cars 0.496875 0.4814453125 0.0265625 0.0283203125
Cars 0.4375 0.48828125 0.0109375 0.013671875
Cars 0.36796875 0.490234375 0.01796875 0.017578125
Cars 0.22265625 0.498046875 0.03984375 0.029296875
Cars 0.9859375 0.50390625 0.0125 0.02734375
