People 0.9625 0.525390625 0.015625 0.056640625
People 0.93359375 0.529296875 0.01328125 0.048828125
People 0.74765625 0.509765625 0.01015625 0.029296875
People 0.5984375 0.501953125 0.009375 0.0234375
People 0.58515625 0.5048828125 0.01171875 0.0263671875
People 0.278125 0.4970703125 0.0078125 0.0244140625
People 0.0953125 0.5029296875 0.0125 0.0361328125
People 0.071875 0.5029296875 0.0125 0.0341796875
Cars 0.484375 0.5283203125 0.0359375 0.0380859375
People 0.2890625 0.498046875 0.009375 0.0234375
