Cars 0.67265625 0.5185546875 0.10859375 0.0869140625
People 0.47421875 0.4755859375 0.01015625 0.0302734375
Cars 0.41796875 0.419921875 0.00859375 0.009765625
Cars 0.44453125 0.42578125 0.01171875 0.01171875
Cars 0.44140625 0.44921875 0.01015625 0.01171875
Cars 0.453125 0.4619140625 0.0140625 0.0185546875
Cars 0.36875 0.423828125 0.009375 0.01171875
Cars 0.3640625 0.439453125 0.0109375 0.013671875
Cars 0.390625 0.4267578125 0.009375 0.0126953125
Cars 0.3546875 0.4677734375 0.0203125 0.0244140625
People 0.1640625 0.4443359375 0.0140625 0.0244140625
Cars 0.12265625 0.5 0.05859375 0.06640625
Cars 0.0328125 0.5 0.0328125 0.095703125
