People 0.4140625 0.5009765625 0.0203125 0.0732421875
People 0.38125 0.4951171875 0.01875 0.0791015625
People 0.31484375 0.4970703125 0.01796875 0.0751953125
People 0.5671875 0.4892578125 0.0390625 0.0986328125
People 0.74375 0.4716796875 0.015625 0.0654296875
People 0.98515625 0.490234375 0.01328125 0.087890625
People 0.07265625 0.490234375 0.01796875 0.0546875
People 0.04765625 0.486328125 0.01484375 0.0546875
Bicycles 0.58984375 0.546875 0.06015625 0.06640625
People 0.8625 0.4375 0.0140625 0.02734375
