People 0.53046875 0.4609375 0.01015625 0.029296875
Cars 0.36640625 0.5634765625 0.16640625 0.1689453125
Cars 0.2328125 0.4287109375 0.0359375 0.0146484375
Cars 0.2265625 0.44921875 0.0203125 0.017578125
Cars 0.22109375 0.4736328125 0.01328125 0.0380859375
Cars 0.121875 0.46875 0.0890625 0.08203125
Cars 0.09375 0.48828125 0.053125 0.08203125
Cars 0.03125 0.4951171875 0.03125 0.1103515625
People 0.53671875 0.4599609375 0.01015625 0.0283203125
People 0.58125 0.458984375 0.0171875 0.05078125
People 0.6359375 0.478515625 0.0234375 0.080078125
