Cars 0.73671875 0.515625 0.05234375 0.05078125
Cars 0.671875 0.4931640625 0.021875 0.0302734375
Cars 0.43515625 0.47265625 0.03671875 0.037109375
Cars 0.4234375 0.48828125 0.0203125 0.03515625
Cars 0.37265625 0.501953125 0.05390625 0.04296875
Cars 0.209375 0.525390625 0.1046875 0.09765625
Cars 0.0875 0.57421875 0.0859375 0.115234375
People 0.87578125 0.568359375 0.05546875 0.15625
Bicycles 0.87578125 0.6806640625 0.02890625 0.0888671875
Bicycles 0.96875 0.7646484375 0.0296875 0.0849609375
People 0.9609375 0.6484375 0.0375 0.15625
Cars 0.5109375 0.462890625 0.015625 0.017578125
Cars 0.6515625 0.486328125 0.0140625 0.021484375
Cars 0.64453125 0.4814453125 0.01484375 0.0205078125
Cars 0.6328125 0.4755859375 0.015625 0.0224609375
Cars 0.61015625 0.470703125 0.01328125 0.013671875
Cars 0.47578125 0.4755859375 0.01328125 0.0185546875
