Cars 0.5953125 0.4677734375 0.03125 0.0361328125
Cars 0.46953125 0.4775390625 0.03359375 0.0361328125
Cars 0.5078125 0.4658203125 0.01875 0.0224609375
Cars 0.0484375 0.4951171875 0.0484375 0.0458984375
People 0.08828125 0.4638671875 0.01015625 0.0224609375
Cars 0.21796875 0.4794921875 0.04296875 0.0263671875
Cars 0.40625 0.4658203125 0.0171875 0.0185546875
Cars 0.36953125 0.466796875 0.01796875 0.015625
Cars 0.29375 0.47265625 0.034375 0.025390625
Cars 0.328125 0.4658203125 0.01875 0.0244140625
