People 0.803125 0.4541015625 0.0125 0.0537109375
People 0.75703125 0.4609375 0.01328125 0.048828125
People 0.73203125 0.4375 0.01640625 0.037109375
People 0.67109375 0.455078125 0.01171875 0.03125
People 0.61875 0.4599609375 0.0203125 0.0419921875
Cars 0.13671875 0.484375 0.05859375 0.0546875
Cars 0.23046875 0.4794921875 0.03515625 0.0341796875
Cars 0.30625 0.470703125 0.0234375 0.025390625
Cars 0.403125 0.4697265625 0.0140625 0.0146484375
People 0.04765625 0.4697265625 0.01328125 0.0302734375
People 0.03046875 0.4677734375 0.01171875 0.0302734375
Cars 0.35546875 0.4677734375 0.01328125 0.0126953125
