Cars 0.6859375 0.513671875 0.09375 0.095703125
Cars 0.5734375 0.5 0.021875 0.0390625
Cars 0.55078125 0.498046875 0.01328125 0.025390625
Cars 0.53046875 0.49609375 0.01015625 0.01953125
Cars 0.48828125 0.498046875 0.01171875 0.01171875
Cars 0.44453125 0.5009765625 0.01015625 0.0126953125
Cars 0.415625 0.494140625 0.0109375 0.01953125
Cars 0.3890625 0.4970703125 0.0171875 0.0263671875
Cars 0.3390625 0.494140625 0.03125 0.03515625
Cars 0.253125 0.5107421875 0.05625 0.0458984375
People 0.17421875 0.490234375 0.01015625 0.041015625
Cars 0.08359375 0.5205078125 0.08359375 0.0927734375
