Cars 0.10078125 0.654296875 0.10078125 0.1796875
Cars 0.37109375 0.46875 0.05859375 0.029296875
Cars 0.48046875 0.453125 0.02265625 0.017578125
Cars 0.64609375 0.4990234375 0.03359375 0.0380859375
Cars 0.6984375 0.5302734375 0.0390625 0.0439453125
Cars 0.76015625 0.55859375 0.07265625 0.072265625
Cars 0.87421875 0.603515625 0.12421875 0.091796875
Cars 0.94453125 0.6806640625 0.05390625 0.1083984375
Cars 0.8390625 0.4765625 0.04375 0.021484375
Cars 0.5703125 0.4599609375 0.01875 0.0224609375
Cars 0.54609375 0.453125 0.01328125 0.013671875
