People 0.52578125 0.46875 0.01015625 0.03125
People 0.51328125 0.474609375 0.01015625 0.03515625
People 0.56640625 0.47265625 0.01796875 0.0390625
Cars 0.64609375 0.4609375 0.02109375 0.017578125
Cars 0.69140625 0.4404296875 0.02578125 0.0166015625
Cars 0.69765625 0.4638671875 0.02265625 0.0263671875
Cars 0.83046875 0.462890625 0.03515625 0.05078125
Cars 0.915625 0.4658203125 0.0640625 0.0595703125
Cars 0.98203125 0.4541015625 0.01640625 0.0693359375
Cars 0.48359375 0.453125 0.02421875 0.013671875
