People 0.553125 0.4931640625 0.0125 0.0498046875
People 0.58125 0.478515625 0.0140625 0.046875
People 0.615625 0.5087890625 0.03125 0.0751953125
Cars 0.0375 0.5654296875 0.0375 0.0849609375
Cars 0.24296875 0.51171875 0.06484375 0.0546875
Cars 0.24140625 0.4541015625 0.03828125 0.0283203125
Cars 0.32421875 0.4931640625 0.03515625 0.0380859375
Cars 0.38984375 0.4755859375 0.02734375 0.0263671875
Cars 0.67578125 0.521484375 0.04921875 0.048828125
Cars 0.77890625 0.5576171875 0.08046875 0.1123046875
Cars 0.87734375 0.638671875 0.11796875 0.19921875
Cars 0.46875 0.4580078125 0.0125 0.0166015625
Cars 0.43125 0.462890625 0.015625 0.021484375
