Cars 0.21171875 0.4970703125 0.09296875 0.0830078125
Cars 0.315625 0.4794921875 0.025 0.0478515625
Cars 0.3734375 0.466796875 0.021875 0.021484375
Cars 0.44765625 0.4775390625 0.04140625 0.0458984375
Cars 0.66328125 0.509765625 0.07578125 0.06640625
People 0.78359375 0.484375 0.01484375 0.0546875
People 0.83125 0.451171875 0.015625 0.01953125
People 0.96875 0.4228515625 0.015625 0.0166015625
People 0.06875 0.462890625 0.009375 0.033203125
People 0.08671875 0.4658203125 0.01328125 0.0361328125
People 0.728125 0.470703125 0.0125 0.033203125
