People 0.01015625 0.4560546875 0.01015625 0.0224609375
People 0.046875 0.6171875 0.0453125 0.14453125
People 0.61015625 0.6298828125 0.06796875 0.1513671875
People 0.73828125 0.650390625 0.03984375 0.162109375
Cars 0.68359375 0.517578125 0.03046875 0.029296875
Cars 0.5359375 0.5068359375 0.0109375 0.0146484375
Cars 0.49609375 0.5029296875 0.01171875 0.0146484375
Cars 0.4671875 0.5107421875 0.0203125 0.0205078125
Cars 0.3515625 0.5087890625 0.01875 0.0185546875
Cars 0.40546875 0.4921875 0.03984375 0.0625
