Cars 0.10390625 0.4931640625 0.08671875 0.0693359375
Cars 0.2171875 0.4833984375 0.040625 0.0478515625
Cars 0.2671875 0.4775390625 0.0203125 0.0302734375
Cars 0.28203125 0.4560546875 0.03359375 0.0380859375
Cars 0.34765625 0.47265625 0.05234375 0.048828125
Cars 0.54296875 0.4619140625 0.01640625 0.0185546875
Cars 0.628125 0.4765625 0.0296875 0.044921875
Cars 0.659375 0.4892578125 0.0515625 0.0439453125
Cars 0.92109375 0.5478515625 0.07734375 0.1103515625
People 0.815625 0.4912109375 0.0421875 0.1298828125
Bicycles 0.81171875 0.5869140625 0.04765625 0.1064453125
Cars 0.453125 0.4609375 0.0109375 0.013671875
Cars 0.59296875 0.46484375 0.01796875 0.0234375
