Bicycles 0.85703125 0.5859375 0.03984375 0.076171875
Bicycles 0.534375 0.498046875 0.009375 0.02734375
Bicycles 0.490625 0.498046875 0.009375 0.02734375
People 0.72421875 0.4765625 0.01796875 0.056640625
Cars 0.9484375 0.53125 0.05 0.095703125
People 0.11640625 0.4609375 0.01640625 0.044921875
People 0.24296875 0.4638671875 0.00859375 0.0263671875
Cars 0.8046875 0.439453125 0.009375 0.01171875
Bicycles 0.2140625 0.486328125 0.0125 0.025390625
People 0.85546875 0.5048828125 0.03984375 0.1279296875
Bicycles 0.68828125 0.4892578125 0.01015625 0.0322265625
Bicycles 0.6484375 0.4833984375 0.0171875 0.0341796875
Bicycles 0.63828125 0.5048828125 0.01328125 0.0205078125
People 0.621875 0.4462890625 0.0078125 0.0146484375
People 0.5984375 0.455078125 0.0046875 0.015625
People 0.58046875 0.44921875 0.00546875 0.013671875
People 0.5359375 0.4599609375 0.0109375 0.0498046875
People 0.48984375 0.470703125 0.01171875 0.04296875
Cars 0.46171875 0.45703125 0.01015625 0.01171875
Bicycles 0.29609375 0.4794921875 0.01171875 0.0185546875
Bicycles 0.2828125 0.4814453125 0.0109375 0.0205078125
Bicycles 0.17578125 0.51171875 0.01171875 0.02734375
Bicycles 0.15546875 0.509765625 0.01171875 0.033203125
