Cars 0.83671875 0.4892578125 0.08984375 0.0849609375
Cars 0.71484375 0.4833984375 0.03828125 0.0419921875
Cars 0.67421875 0.4736328125 0.01640625 0.0302734375
Cars 0.65390625 0.4609375 0.01171875 0.021484375
Cars 0.63359375 0.4453125 0.01171875 0.015625
Cars 0.5890625 0.4609375 0.0375 0.04296875
Cars 0.5359375 0.416015625 0.0125 0.01171875
Cars 0.50234375 0.4423828125 0.01484375 0.0166015625
Cars 0.0890625 0.5556640625 0.0890625 0.0888671875
Cars 0.44296875 0.4794921875 0.02109375 0.0302734375
Cars 0.384375 0.4853515625 0.0421875 0.0361328125
