People 0.93984375 0.5234375 0.01796875 0.076171875
People 0.9 0.525390625 0.0203125 0.080078125
People 0.86796875 0.5107421875 0.01328125 0.0634765625
People 0.8453125 0.517578125 0.009375 0.060546875
People 0.821875 0.5166015625 0.0125 0.0634765625
People 0.796875 0.5205078125 0.0125 0.0576171875
Cars 0.36875 0.466796875 0.0234375 0.021484375
Cars 0.4453125 0.458984375 0.0328125 0.017578125
Cars 0.40859375 0.5263671875 0.03515625 0.0458984375
Cars 0.33046875 0.49609375 0.03671875 0.037109375
Cars 0.28515625 0.4892578125 0.01796875 0.0263671875
Cars 0.496875 0.4599609375 0.01875 0.0166015625
Cars 0.48203125 0.5400390625 0.06484375 0.0634765625
People 0.19921875 0.490234375 0.00859375 0.029296875
People 0.1859375 0.4921875 0.0078125 0.029296875
People 0.16796875 0.4990234375 0.01171875 0.0302734375
Cars 0.04296875 0.521484375 0.04296875 0.041015625
People 0.96953125 0.513671875 0.01640625 0.072265625
People 0.99296875 0.5166015625 0.00546875 0.0732421875
People 0.73046875 0.49609375 0.01015625 0.041015625
People 0.65078125 0.49609375 0.01015625 0.03515625
People 0.6703125 0.490234375 0.009375 0.037109375
People 0.6046875 0.4873046875 0.0078125 0.0283203125
People 0.621875 0.4833984375 0.009375 0.0302734375
People 0.690625 0.462890625 0.0078125 0.021484375
People 0.70234375 0.4619140625 0.00703125 0.0224609375
People 0.7125 0.462890625 0.00625 0.025390625
People 0.5953125 0.4638671875 0.0078125 0.0205078125
People 0.634375 0.462890625 0.0078125 0.029296875
People 0.7328125 0.4326171875 0.00625 0.0224609375
People 0.74296875 0.4287109375 0.00703125 0.0205078125
People 0.565625 0.4521484375 0.00625 0.0205078125
People 0.5578125 0.4521484375 0.00625 0.0205078125
