Cars 0.05625 0.6376953125 0.0546875 0.1220703125
Cars 0.14375 0.57421875 0.078125 0.08203125
Cars 0.23046875 0.5224609375 0.06640625 0.0693359375
Cars 0.3140625 0.4970703125 0.034375 0.0283203125
Cars 0.33984375 0.4833984375 0.03046875 0.0283203125
Cars 0.37578125 0.470703125 0.02265625 0.025390625
Cars 0.6015625 0.4892578125 0.03125 0.0283203125
Cars 0.78359375 0.603515625 0.11640625 0.095703125
Cars 0.803125 0.478515625 0.05 0.033203125
Cars 0.75859375 0.478515625 0.05234375 0.029296875
Cars 0.66328125 0.458984375 0.01796875 0.01953125
Cars 0.9421875 0.517578125 0.0453125 0.05078125
Cars 0.98125 0.53125 0.0171875 0.072265625
People 0.4234375 0.4638671875 0.009375 0.0302734375
