People 0.78984375 0.4736328125 0.02578125 0.0966796875
People 0.653125 0.466796875 0.0125 0.052734375
People 0.63046875 0.470703125 0.01640625 0.0546875
People 0.4640625 0.4638671875 0.0109375 0.0263671875
People 0.409375 0.478515625 0.0171875 0.05078125
Cars 0.8296875 0.4580078125 0.015625 0.0361328125
Cars 0.92265625 0.4482421875 0.06796875 0.0693359375
Cars 0.9515625 0.4892578125 0.0453125 0.0615234375
People 0.55234375 0.4599609375 0.01015625 0.0224609375
People 0.171875 0.478515625 0.009375 0.021484375
People 0.128125 0.484375 0.009375 0.01953125
Cars 0.8859375 0.4150390625 0.034375 0.0224609375
Cars 0.921875 0.375 0.0703125 0.029296875
Cars 0.8203125 0.3798828125 0.0234375 0.0263671875
