Cars 0.63671875 0.4755859375 0.02421875 0.0185546875
Cars 0.68203125 0.451171875 0.02734375 0.013671875
Cars 0.6828125 0.48828125 0.025 0.015625
Cars 0.80390625 0.4873046875 0.01328125 0.0185546875
Cars 0.84921875 0.4755859375 0.04140625 0.0595703125
Cars 0.8875 0.46484375 0.0171875 0.041015625
Cars 0.93984375 0.4736328125 0.05859375 0.0615234375
People 0.575 0.486328125 0.01875 0.0390625
People 0.5046875 0.4755859375 0.0109375 0.0302734375
People 0.521875 0.4873046875 0.01875 0.0380859375
Cars 0.45703125 0.4609375 0.02734375 0.01171875
