People 0.2609375 0.4580078125 0.009375 0.0263671875
Cars 0.78515625 0.53125 0.12109375 0.1171875
Cars 0.625 0.4921875 0.0546875 0.05859375
Cars 0.45546875 0.423828125 0.00859375 0.013671875
Cars 0.4421875 0.4462890625 0.0140625 0.0146484375
Cars 0.4140625 0.423828125 0.0109375 0.01171875
Cars 0.40390625 0.43359375 0.01171875 0.015625
Cars 0.38203125 0.4248046875 0.01171875 0.0126953125
Cars 0.36640625 0.474609375 0.02890625 0.03125
Cars 0.1390625 0.509765625 0.0796875 0.0703125
Cars 0.0390625 0.52734375 0.0375 0.095703125
