Cars 0.7203125 0.53125 0.046875 0.060546875
Cars 0.82265625 0.572265625 0.12578125 0.103515625
People 0.16640625 0.4775390625 0.01640625 0.0673828125
People 0.34140625 0.4609375 0.01328125 0.029296875
People 0.3609375 0.4638671875 0.009375 0.0341796875
People 0.3953125 0.4638671875 0.0078125 0.0263671875
Bicycles 0.103125 0.529296875 0.0359375 0.0546875
Cars 0.68828125 0.4990234375 0.04921875 0.0517578125
Cars 0.63203125 0.4765625 0.02734375 0.02734375
People 0.43828125 0.4609375 0.00546875 0.021484375
People 0.4328125 0.45703125 0.0078125 0.01953125
People 0.45078125 0.4609375 0.00703125 0.021484375
People 0.60234375 0.4619140625 0.00703125 0.0146484375
