People 0.646875 0.50390625 0.0140625 0.056640625
Cars 0.2546875 0.4951171875 0.0375 0.0322265625
Cars 0.3078125 0.490234375 0.0171875 0.029296875
Cars 0.33125 0.484375 0.015625 0.025390625
Cars 0.35390625 0.486328125 0.01328125 0.017578125
Cars 0.375 0.4833984375 0.0125 0.0185546875
Cars 0.446875 0.4755859375 0.0171875 0.0166015625
Bicycles 0.65078125 0.5390625 0.01015625 0.03515625
Cars 0.38671875 0.4794921875 0.01328125 0.0185546875
Cars 0.40546875 0.4814453125 0.01328125 0.0166015625
Cars 0.46875 0.4736328125 0.0125 0.0126953125
Cars 0.48515625 0.47265625 0.01015625 0.01171875
