People 0.95859375 0.490234375 0.03046875 0.09765625
People 0.88046875 0.4755859375 0.01796875 0.0498046875
People 0.7640625 0.4794921875 0.021875 0.0537109375
Cars 0.5734375 0.470703125 0.028125 0.037109375
Cars 0.5078125 0.4794921875 0.0609375 0.0654296875
Cars 0.33984375 0.48046875 0.03359375 0.033203125
Cars 0.38203125 0.47265625 0.02421875 0.02734375
Cars 0.265625 0.4794921875 0.053125 0.0517578125
Cars 0.146875 0.478515625 0.0953125 0.076171875
Cars 0.65 0.46875 0.0171875 0.015625
Cars 0.41484375 0.470703125 0.01328125 0.03125
