Cars 0.07890625 0.505859375 0.06484375 0.068359375
Cars 0.17265625 0.498046875 0.03359375 0.041015625
Cars 0.37421875 0.470703125 0.02578125 0.017578125
Cars 0.40546875 0.4638671875 0.01484375 0.0185546875
Cars 0.9609375 0.482421875 0.0375 0.0234375
Cars 0.88984375 0.4921875 0.01328125 0.021484375
People 0.6328125 0.45703125 0.009375 0.0234375
People 0.60234375 0.4697265625 0.01015625 0.0263671875
Cars 0.42578125 0.4599609375 0.01328125 0.0146484375
Cars 0.46015625 0.453125 0.01171875 0.01171875
