People 0.82109375 0.466796875 0.01171875 0.0234375
People 0.41484375 0.45703125 0.01015625 0.025390625
People 0.18828125 0.4462890625 0.01015625 0.0361328125
People 0.21484375 0.4453125 0.01015625 0.03515625
People 0.7 0.4677734375 0.0078125 0.0224609375
Cars 0.91953125 0.62109375 0.07578125 0.123046875
Cars 0.8109375 0.55859375 0.0796875 0.064453125
Cars 0.5453125 0.4599609375 0.0203125 0.0205078125
Cars 0.6171875 0.4736328125 0.01875 0.0185546875
People 0.471875 0.4521484375 0.0046875 0.0146484375
People 0.3171875 0.443359375 0.009375 0.01171875
People 0.33203125 0.44921875 0.01015625 0.015625
People 0.34375 0.4453125 0.009375 0.01171875
