People 0.34609375 0.4794921875 0.01171875 0.0361328125
People 0.36875 0.4716796875 0.0109375 0.0458984375
People 0.60546875 0.4638671875 0.01171875 0.0361328125
People 0.63671875 0.4599609375 0.01171875 0.0458984375
Cars 0.8078125 0.4658203125 0.028125 0.0419921875
Cars 0.92421875 0.4482421875 0.07265625 0.0673828125
Cars 0.95078125 0.48828125 0.04296875 0.05859375
People 0.16875 0.48046875 0.009375 0.021484375
People 0.128125 0.48828125 0.0109375 0.017578125
People 0.475 0.45703125 0.009375 0.0234375
People 0.590625 0.4560546875 0.009375 0.0263671875
People 0.5796875 0.455078125 0.009375 0.02734375
Cars 0.72578125 0.4580078125 0.01796875 0.0263671875
People 0.671875 0.435546875 0.009375 0.01953125
