People 0.725 0.4677734375 0.0125 0.0419921875
People 0.7453125 0.4892578125 0.0296875 0.0615234375
People 0.77578125 0.484375 0.02421875 0.056640625
People 0.5984375 0.4501953125 0.0109375 0.0185546875
Cars 0.54375 0.4697265625 0.0140625 0.0224609375
Cars 0.57890625 0.478515625 0.03359375 0.03515625
Cars 0.41796875 0.4697265625 0.03671875 0.0322265625
People 0.98671875 0.44921875 0.01015625 0.021484375
People 0.0375 0.4404296875 0.009375 0.0126953125
People 0.0609375 0.439453125 0.0109375 0.013671875
People 0.078125 0.439453125 0.0109375 0.015625
Cars 0.51640625 0.4521484375 0.01171875 0.0126953125
Cars 0.4703125 0.447265625 0.0140625 0.01171875
People 0.09296875 0.458984375 0.01171875 0.03515625
