Cars 0.08828125 0.6025390625 0.08515625 0.0869140625
Cars 0.32421875 0.4921875 0.02890625 0.03125
Cars 0.3515625 0.4736328125 0.0234375 0.0283203125
Cars 0.434375 0.4521484375 0.009375 0.0146484375
Cars 0.584375 0.4873046875 0.025 0.0322265625
Cars 0.6046875 0.501953125 0.0375 0.0390625
Cars 0.6640625 0.54296875 0.0546875 0.056640625
Cars 0.7453125 0.5791015625 0.09375 0.0849609375
People 0.41875 0.455078125 0.009375 0.025390625
People 0.4015625 0.44921875 0.00625 0.017578125
Cars 0.553125 0.470703125 0.0125 0.021484375
Cars 0.53671875 0.45703125 0.01328125 0.017578125
Cars 0.490625 0.4365234375 0.009375 0.0126953125
