Cars 0.0765625 0.48046875 0.0765625 0.0625
Cars 0.1671875 0.46875 0.0375 0.044921875
Cars 0.2359375 0.4609375 0.0390625 0.033203125
Cars 0.5296875 0.4697265625 0.034375 0.0380859375
Cars 0.5859375 0.5107421875 0.065625 0.0654296875
Cars 0.9484375 0.564453125 0.0484375 0.07421875
Cars 0.45703125 0.4580078125 0.01328125 0.0126953125
Cars 0.28671875 0.4599609375 0.02109375 0.0322265625
Cars 0.3296875 0.455078125 0.0234375 0.0234375
Cars 0.37109375 0.455078125 0.01796875 0.01953125
Cars 0.3921875 0.4560546875 0.009375 0.0146484375
Cars 0.50859375 0.458984375 0.02109375 0.03125
People 0.4796875 0.458984375 0.00625 0.01953125
People 0.43671875 0.455078125 0.00546875 0.01953125
People 0.425 0.4560546875 0.0078125 0.0205078125
People 0.41484375 0.453125 0.00859375 0.021484375
