People 0.71796875 0.4443359375 0.01484375 0.0595703125
People 0.74453125 0.4453125 0.01328125 0.060546875
People 0.78671875 0.4462890625 0.01484375 0.0595703125
People 0.81171875 0.4453125 0.01328125 0.0625
People 0.84765625 0.423828125 0.01328125 0.0390625
People 0.875 0.455078125 0.0203125 0.0703125
People 0.90703125 0.4423828125 0.01640625 0.0595703125
People 0.934375 0.451171875 0.015625 0.0703125
People 0.96875 0.4482421875 0.0203125 0.0693359375
People 0.984375 0.43359375 0.0140625 0.0546875
People 0.5171875 0.4404296875 0.009375 0.0224609375
