Cars 0.7359375 0.515625 0.1296875 0.091796875
Cars 0.62734375 0.478515625 0.06015625 0.064453125
Cars 0.56640625 0.4658203125 0.04609375 0.0576171875
Cars 0.1890625 0.4609375 0.053125 0.044921875
Cars 0.26875 0.4580078125 0.028125 0.0263671875
Cars 0.2859375 0.451171875 0.0234375 0.029296875
Cars 0.334375 0.447265625 0.015625 0.021484375
Cars 0.5171875 0.45703125 0.0265625 0.029296875
Cars 0.3125 0.4521484375 0.00625 0.0224609375
Cars 0.48671875 0.451171875 0.01328125 0.0234375
Cars 0.46484375 0.4462890625 0.01015625 0.0185546875
Cars 0.35625 0.4443359375 0.009375 0.0185546875
Cars 0.41875 0.4267578125 0.009375 0.0107421875
Cars 0.38203125 0.4287109375 0.00859375 0.0107421875
