Cars 0.3484375 0.4873046875 0.0640625 0.0439453125
Cars 0.51015625 0.46484375 0.01171875 0.0234375
Cars 0.5375 0.4775390625 0.03125 0.0283203125
Bicycles 0.22890625 0.5263671875 0.06171875 0.0380859375
People 0.2296875 0.4892578125 0.0265625 0.0634765625
People 0.05234375 0.4599609375 0.01484375 0.0380859375
People 0.64375 0.4619140625 0.009375 0.0341796875
People 0.72578125 0.4658203125 0.01171875 0.0439453125
People 0.878125 0.4755859375 0.01875 0.0537109375
People 0.9078125 0.4765625 0.025 0.05078125
People 0.4484375 0.45703125 0.0109375 0.03125
Cars 0.5046875 0.4580078125 0.015625 0.0205078125
Cars 0.4890625 0.4521484375 0.0125 0.0126953125
People 0.01015625 0.4580078125 0.01015625 0.0283203125
People 0.084375 0.4423828125 0.0140625 0.0126953125
People 0.10625 0.4482421875 0.0125 0.0185546875
People 0.9203125 0.44140625 0.0109375 0.01953125
