People 0.68203125 0.4619140625 0.02890625 0.0498046875
People 0.60390625 0.48046875 0.01328125 0.0625
People 0.57578125 0.50390625 0.01015625 0.041015625
People 0.5546875 0.482421875 0.0109375 0.048828125
People 0.53125 0.48046875 0.0109375 0.04296875
Cars 0.5046875 0.4677734375 0.0125 0.0224609375
Cars 0.4625 0.4755859375 0.0125 0.0166015625
Cars 0.43125 0.474609375 0.0171875 0.01953125
Cars 0.390625 0.486328125 0.034375 0.04296875
Cars 0.35 0.4677734375 0.0109375 0.0146484375
Cars 0.32421875 0.4814453125 0.02890625 0.0322265625
Cars 0.246875 0.4755859375 0.046875 0.0498046875
Cars 0.1328125 0.466796875 0.01875 0.017578125
Cars 0.0828125 0.4677734375 0.015625 0.0224609375
Cars 0.0328125 0.47265625 0.01875 0.02734375
