People 0.98984375 0.447265625 0.00859375 0.04296875
People 0.85234375 0.4755859375 0.01328125 0.0517578125
People 0.8234375 0.478515625 0.0203125 0.0703125
People 0.77265625 0.4716796875 0.01015625 0.0419921875
People 0.753125 0.4736328125 0.0125 0.0419921875
Cars 0.60859375 0.49609375 0.06171875 0.060546875
People 0.55546875 0.4609375 0.00546875 0.013671875
Cars 0.440625 0.46484375 0.021875 0.02734375
Cars 0.40703125 0.4658203125 0.01015625 0.0126953125
Cars 0.3890625 0.4658203125 0.009375 0.0126953125
Cars 0.36484375 0.462890625 0.01328125 0.015625
Cars 0.221875 0.494140625 0.040625 0.0390625
Cars 0.0875 0.50390625 0.084375 0.072265625
People 0.29921875 0.4697265625 0.00546875 0.0126953125
