People 0.7625 0.5615234375 0.0625 0.1591796875
People 0.87734375 0.5458984375 0.06171875 0.1845703125
People 0.6578125 0.490234375 0.0203125 0.07421875
People 0.59453125 0.4873046875 0.02421875 0.0693359375
People 0.540625 0.48046875 0.0171875 0.0703125
People 0.48203125 0.4580078125 0.01484375 0.0361328125
Cars 0.94296875 0.521484375 0.05390625 0.150390625
Cars 0.3265625 0.568359375 0.1546875 0.150390625
Cars 0.17109375 0.4912109375 0.03359375 0.0537109375
Cars 0.078125 0.4814453125 0.0765625 0.1357421875
People 0.51875 0.458984375 0.009375 0.03515625
