People 0.93125 0.458984375 0.015625 0.060546875
People 0.96953125 0.4345703125 0.01484375 0.0419921875
People 0.98359375 0.505859375 0.01484375 0.07421875
Cars 0.3765625 0.4677734375 0.01875 0.0146484375
Cars 0.40703125 0.462890625 0.01328125 0.013671875
Cars 0.44765625 0.4677734375 0.02578125 0.0283203125
People 0.02421875 0.462890625 0.01640625 0.0390625
People 0.1984375 0.46484375 0.0109375 0.02734375
People 0.14140625 0.4658203125 0.01015625 0.0302734375
People 0.1265625 0.45703125 0.0109375 0.0234375
