Bicycles 0.05 0.5673828125 0.0265625 0.0380859375
Bicycles 0.146875 0.5380859375 0.021875 0.0263671875
Bicycles 0.2015625 0.56640625 0.021875 0.037109375
Bicycles 0.2703125 0.55859375 0.0375 0.056640625
Cars 0.5484375 0.4775390625 0.040625 0.0419921875
People 0.046875 0.48828125 0.021875 0.08203125
People 0.0875 0.48828125 0.015625 0.05859375
People 0.153125 0.48046875 0.028125 0.05859375
People 0.240625 0.48828125 0.0375 0.09375
People 0.2859375 0.4638671875 0.0140625 0.0341796875
People 0.31953125 0.47265625 0.01328125 0.03125
Cars 0.17734375 0.462890625 0.02265625 0.02734375
Cars 0.3984375 0.47265625 0.015625 0.015625
Cars 0.50859375 0.48046875 0.01171875 0.021484375
Cars 0.49921875 0.4736328125 0.01796875 0.0205078125
