People 0.9109375 0.5009765625 0.0265625 0.0771484375
Cars 0.6484375 0.525390625 0.0828125 0.095703125
Cars 0.5609375 0.4970703125 0.03125 0.0654296875
Cars 0.52109375 0.482421875 0.02421875 0.0390625
Cars 0.396875 0.4951171875 0.015625 0.0185546875
Cars 0.35546875 0.494140625 0.02890625 0.03125
Cars 0.26171875 0.5 0.02890625 0.037109375
Cars 0.20234375 0.5048828125 0.04765625 0.0458984375
Cars 0.08984375 0.560546875 0.08984375 0.1171875
Cars 0.31171875 0.5 0.02109375 0.0234375
Cars 0.44453125 0.51171875 0.00859375 0.005859375
