Cars 0.18984375 0.451171875 0.04921875 0.029296875
Cars 0.10546875 0.5537109375 0.10546875 0.0849609375
Cars 0.22734375 0.51171875 0.06015625 0.0625
Cars 0.28203125 0.4873046875 0.03984375 0.0439453125
Cars 0.3234375 0.474609375 0.028125 0.033203125
Cars 0.35234375 0.4599609375 0.02734375 0.0263671875
Cars 0.375 0.4453125 0.025 0.029296875
Cars 0.6765625 0.5244140625 0.0359375 0.0634765625
Cars 0.825 0.5693359375 0.1546875 0.1376953125
People 0.9296875 0.4755859375 0.021875 0.0419921875
Cars 0.55703125 0.439453125 0.01484375 0.015625
Cars 0.61953125 0.4326171875 0.01015625 0.0205078125
Cars 0.40390625 0.4384765625 0.01328125 0.0205078125
Cars 0.43125 0.423828125 0.015625 0.017578125
Cars 0.42421875 0.439453125 0.01171875 0.01171875
People 0.46640625 0.4287109375 0.00703125 0.0205078125
People 0.8859375 0.451171875 0.009375 0.017578125
