Bicycles 0.4125 0.546875 0.0546875 0.041015625
Bicycles 0.29609375 0.548828125 0.02890625 0.037109375
People 0.70390625 0.544921875 0.03046875 0.09765625
Cars 0.74609375 0.53515625 0.04140625 0.060546875
Cars 0.66484375 0.533203125 0.03046875 0.05859375
Cars 0.615625 0.51171875 0.0484375 0.056640625
Cars 0.84375 0.5068359375 0.0703125 0.0517578125
Cars 0.9390625 0.5029296875 0.0546875 0.0498046875
Cars 0.97734375 0.525390625 0.02109375 0.0390625
Bicycles 0.1703125 0.5595703125 0.0171875 0.0380859375
Bicycles 0.21484375 0.55859375 0.02265625 0.037109375
People 0.00859375 0.3583984375 0.00859375 0.0107421875
People 0.028125 0.3603515625 0.009375 0.0126953125
People 0.01484375 0.3603515625 0.00546875 0.0126953125
