People 0.01484375 0.458984375 0.01484375 0.076171875
People 0.07890625 0.439453125 0.02734375 0.07421875
Bicycles 0.01171875 0.5166015625 0.01015625 0.0380859375
Bicycles 0.08203125 0.4921875 0.02265625 0.03515625
Cars 0.846875 0.4970703125 0.10625 0.0595703125
Cars 0.721875 0.4638671875 0.0546875 0.0458984375
Cars 0.3546875 0.447265625 0.0109375 0.013671875
Cars 0.42578125 0.44921875 0.01015625 0.01171875
People 0.2453125 0.44921875 0.0125 0.03515625
People 0.17734375 0.4453125 0.01328125 0.03515625
Bicycles 0.24609375 0.478515625 0.01171875 0.017578125
Bicycles 0.17734375 0.4892578125 0.01328125 0.0185546875
