People 0.91953125 0.41015625 0.00703125 0.02734375
People 0.90234375 0.3955078125 0.00546875 0.0126953125
People 0.8859375 0.421875 0.00625 0.02734375
People 0.85078125 0.41796875 0.00703125 0.021484375
People 0.8390625 0.41796875 0.0078125 0.0234375
People 0.80390625 0.431640625 0.01171875 0.03125
People 0.78515625 0.4345703125 0.01015625 0.0283203125
People 0.7578125 0.4013671875 0.00625 0.0224609375
People 0.72734375 0.412109375 0.00859375 0.021484375
People 0.74609375 0.4267578125 0.00703125 0.0107421875
People 0.75625 0.482421875 0.0140625 0.052734375
People 0.7296875 0.4853515625 0.0125 0.0458984375
People 0.71171875 0.4501953125 0.00703125 0.0341796875
People 0.69453125 0.466796875 0.01015625 0.0390625
People 0.68125 0.423828125 0.00625 0.009765625
People 0.675 0.47265625 0.0109375 0.041015625
People 0.6625 0.41796875 0.00625 0.013671875
People 0.65390625 0.4140625 0.00546875 0.009765625
People 0.64453125 0.41796875 0.00546875 0.01171875
People 0.6578125 0.4560546875 0.00625 0.0263671875
People 0.6375 0.4677734375 0.015625 0.0380859375
People 0.634375 0.412109375 0.0046875 0.01171875
People 0.625 0.4091796875 0.0078125 0.0126953125
People 0.5984375 0.41015625 0.0046875 0.017578125
People 0.58671875 0.412109375 0.00546875 0.017578125
People 0.575 0.4248046875 0.0046875 0.0224609375
People 0.55546875 0.4248046875 0.00546875 0.0224609375
People 0.53828125 0.42578125 0.00546875 0.01953125
Cars 0.4546875 0.4033203125 0.0109375 0.0087890625
Cars 0.4625 0.412109375 0.0125 0.013671875
Cars 0.4765625 0.4267578125 0.0140625 0.0166015625
Cars 0.49765625 0.44140625 0.02578125 0.025390625
Cars 0.5125 0.50390625 0.05 0.0546875
Cars 0.4375 0.40234375 0.0078125 0.009765625
Cars 0.43125 0.4326171875 0.025 0.0302734375
Cars 0.39140625 0.412109375 0.01171875 0.01171875
Cars 0.3703125 0.43359375 0.021875 0.0234375
Cars 0.33671875 0.453125 0.03203125 0.03515625
Cars 0.29375 0.45703125 0.0125 0.02734375
Cars 0.2609375 0.4619140625 0.028125 0.0302734375
Cars 0.4140625 0.46875 0.0359375 0.03515625
People 0.13984375 0.451171875 0.00859375 0.0234375
People 0.12890625 0.451171875 0.00703125 0.0234375
Cars 0.1640625 0.533203125 0.0859375 0.0703125
People 0.8828125 0.4873046875 0.0140625 0.0537109375
