Cars 0.03515625 0.630859375 0.03515625 0.12109375
Cars 0.1859375 0.5478515625 0.084375 0.0888671875
Cars 0.29140625 0.5244140625 0.03359375 0.0498046875
Cars 0.3890625 0.466796875 0.0265625 0.03515625
Cars 0.57890625 0.4716796875 0.02265625 0.0224609375
Cars 0.6046875 0.4912109375 0.0265625 0.0322265625
Cars 0.62109375 0.5068359375 0.02421875 0.0380859375
Cars 0.68125 0.541015625 0.046875 0.060546875
Cars 0.771875 0.5859375 0.1140625 0.109375
Cars 0.87421875 0.724609375 0.12265625 0.171875
Cars 0.41640625 0.462890625 0.01171875 0.01953125
Cars 0.43125 0.455078125 0.0109375 0.015625
People 0.44921875 0.447265625 0.01015625 0.021484375
People 0.47421875 0.447265625 0.01015625 0.017578125
People 0.4921875 0.4462890625 0.009375 0.0205078125
Cars 0.55 0.4501953125 0.0171875 0.0224609375
