Cars 0.815625 0.560546875 0.0671875 0.060546875
Cars 0.7875 0.5322265625 0.0609375 0.0634765625
Cars 0.403125 0.4873046875 0.0234375 0.0224609375
Cars 0.44453125 0.517578125 0.03515625 0.03125
Cars 0.3734375 0.5263671875 0.040625 0.0478515625
Cars 0.315625 0.5361328125 0.040625 0.0595703125
Cars 0.18203125 0.5498046875 0.11484375 0.0947265625
Cars 0.50546875 0.5068359375 0.02265625 0.0205078125
People 0.675 0.5166015625 0.0203125 0.0595703125
People 0.65 0.5126953125 0.0109375 0.0478515625
People 0.63125 0.5107421875 0.0109375 0.0439453125
Cars 0.53046875 0.49609375 0.01640625 0.017578125
Cars 0.55390625 0.4921875 0.01171875 0.013671875
