People 0.22734375 0.4521484375 0.02421875 0.0205078125
Cars 0.2109375 0.4853515625 0.0953125 0.0732421875
Cars 0.44140625 0.458984375 0.01328125 0.015625
Cars 0.49765625 0.470703125 0.02734375 0.02734375
People 0.63125 0.4619140625 0.01875 0.0458984375
People 0.13359375 0.4482421875 0.01171875 0.0185546875
People 0.06171875 0.5537109375 0.06171875 0.2099609375
People 0.11328125 0.548828125 0.06015625 0.181640625
People 0.43515625 0.54296875 0.06171875 0.193359375
People 0.36796875 0.5634765625 0.07421875 0.2021484375
