People 0.94921875 0.48828125 0.02109375 0.091796875
People 0.915625 0.4931640625 0.0234375 0.0888671875
People 0.79453125 0.4853515625 0.02421875 0.0947265625
People 0.7046875 0.43359375 0.021875 0.05078125
People 0.678125 0.486328125 0.0203125 0.05078125
People 0.62265625 0.4873046875 0.02421875 0.0537109375
People 0.5765625 0.486328125 0.0203125 0.048828125
People 0.534375 0.50390625 0.028125 0.06640625
People 0.4625 0.4638671875 0.01875 0.0615234375
People 0.425 0.48828125 0.015625 0.03515625
People 0.40859375 0.4677734375 0.01171875 0.0361328125
People 0.384375 0.466796875 0.015625 0.037109375
People 0.3640625 0.4609375 0.0140625 0.0390625
People 0.2125 0.47265625 0.0171875 0.048828125
People 0.2984375 0.4599609375 0.015625 0.0341796875
People 0.27734375 0.4619140625 0.01015625 0.0341796875
People 0.096875 0.4443359375 0.015625 0.0322265625
People 0.03984375 0.466796875 0.01796875 0.03515625
