People 0.959375 0.7548828125 0.0390625 0.2314453125
People 0.23828125 0.6025390625 0.04609375 0.1123046875
Cars 0.15390625 0.5732421875 0.07109375 0.0830078125
Cars 0.303125 0.525390625 0.0359375 0.048828125
Cars 0.36328125 0.4931640625 0.03828125 0.0380859375
Cars 0.3984375 0.4794921875 0.021875 0.0361328125
Cars 0.4578125 0.4658203125 0.0234375 0.0205078125
Cars 0.596875 0.455078125 0.0140625 0.015625
Cars 0.64765625 0.5048828125 0.02109375 0.0341796875
Cars 0.6875 0.515625 0.04375 0.0390625
Cars 0.81640625 0.5888671875 0.12109375 0.1123046875
Bicycles 0.23671875 0.6923828125 0.02421875 0.0634765625
People 0.484375 0.466796875 0.0109375 0.0234375
Cars 0.50390625 0.44921875 0.01171875 0.013671875
Cars 0.7 0.4404296875 0.01875 0.0146484375
