People 0.315625 0.494140625 0.03125 0.06640625
People 0.65859375 0.470703125 0.01796875 0.0625
People 0.68671875 0.4951171875 0.01015625 0.0302734375
People 0.7109375 0.5 0.0140625 0.03125
People 0.80859375 0.4912109375 0.03671875 0.1240234375
People 0.8734375 0.4453125 0.034375 0.072265625
People 0.90703125 0.5224609375 0.04765625 0.1943359375
People 0.94453125 0.5380859375 0.05234375 0.2451171875
Cars 0.4359375 0.48046875 0.01875 0.017578125
Cars 0.4734375 0.4775390625 0.0234375 0.0224609375
People 0.62421875 0.4755859375 0.01171875 0.0302734375
People 0.60390625 0.4736328125 0.01015625 0.0283203125
People 0.58359375 0.4716796875 0.01171875 0.0302734375
People 0.53125 0.474609375 0.009375 0.025390625
