Cars 0.04765625 0.59765625 0.04765625 0.123046875
Cars 0.1453125 0.576171875 0.0796875 0.080078125
Cars 0.2359375 0.5400390625 0.053125 0.0595703125
Cars 0.28359375 0.5185546875 0.03046875 0.0439453125
Cars 0.3171875 0.4892578125 0.0359375 0.0419921875
Cars 0.38515625 0.47265625 0.01796875 0.025390625
Cars 0.60546875 0.501953125 0.01796875 0.037109375
Cars 0.59453125 0.486328125 0.02734375 0.037109375
Cars 0.6578125 0.5166015625 0.0546875 0.0537109375
Cars 0.728125 0.583984375 0.078125 0.08203125
Cars 0.85625 0.6552734375 0.1421875 0.1455078125
Cars 0.9609375 0.8623046875 0.0375 0.1103515625
People 0.53125 0.458984375 0.0109375 0.0234375
People 0.51171875 0.458984375 0.01015625 0.025390625
Cars 0.4109375 0.462890625 0.0171875 0.025390625
Cars 0.43203125 0.455078125 0.01015625 0.017578125
Cars 0.559375 0.466796875 0.021875 0.029296875
People 0.2109375 0.46875 0.0125 0.01953125
