Cars 0.065625 0.427734375 0.0640625 0.056640625
People 0.040625 0.4580078125 0.021875 0.0595703125
Bicycles 0.046875 0.49609375 0.01875 0.0234375
Bicycles 0.15546875 0.4853515625 0.02421875 0.0166015625
People 0.159375 0.4541015625 0.01875 0.0439453125
Bicycles 0.2390625 0.48046875 0.0234375 0.017578125
People 0.23671875 0.4443359375 0.02109375 0.0419921875
Bicycles 0.284375 0.4716796875 0.0203125 0.0166015625
People 0.28125 0.4384765625 0.0171875 0.0458984375
People 0.325 0.43359375 0.015625 0.029296875
Cars 0.78125 0.42578125 0.0375 0.041015625
