Cars 0.96796875 0.4296875 0.02734375 0.04296875
Cars 0.75546875 0.4375 0.04296875 0.037109375
Cars 0.2125 0.4306640625 0.0734375 0.0576171875
Cars 0.10078125 0.4140625 0.03828125 0.03125
People 0.05859375 0.4501953125 0.02578125 0.0673828125
People 0.16875 0.46484375 0.021875 0.046875
People 0.30703125 0.4404296875 0.01640625 0.0498046875
People 0.278125 0.44140625 0.0140625 0.03515625
People 0.38984375 0.4453125 0.02421875 0.0390625
Bicycles 0.0609375 0.5068359375 0.04375 0.0302734375
Bicycles 0.1453125 0.5078125 0.0171875 0.0234375
Bicycles 0.1890625 0.498046875 0.01875 0.033203125
Bicycles 0.27421875 0.4921875 0.01171875 0.021484375
Bicycles 0.30859375 0.494140625 0.02109375 0.029296875
Bicycles 0.38828125 0.484375 0.02421875 0.0234375
People 0.6109375 0.435546875 0.0171875 0.04296875
Bicycles 0.60546875 0.4580078125 0.01640625 0.0205078125
People 0.575 0.4287109375 0.0203125 0.0283203125
Bicycles 0.57265625 0.462890625 0.01796875 0.017578125
People 0.53515625 0.4296875 0.01796875 0.029296875
Bicycles 0.5390625 0.462890625 0.0140625 0.025390625
People 0.47890625 0.427734375 0.01484375 0.03125
People 0.4484375 0.4296875 0.015625 0.0390625
Bicycles 0.48203125 0.4658203125 0.01640625 0.0205078125
Bicycles 0.44765625 0.466796875 0.02265625 0.0234375
