Cars 0.075 0.521484375 0.0734375 0.0546875
Cars 0.175 0.4765625 0.0765625 0.037109375
Cars 0.4390625 0.45703125 0.01875 0.017578125
Cars 0.50390625 0.44140625 0.01328125 0.015625
Cars 0.6265625 0.4853515625 0.034375 0.0419921875
Cars 0.7046875 0.5283203125 0.05625 0.0732421875
Cars 0.7296875 0.564453125 0.0546875 0.0703125
Cars 0.85625 0.6435546875 0.1375 0.1533203125
People 0.4140625 0.46875 0.009375 0.029296875
Cars 0.26875 0.470703125 0.015625 0.033203125
Cars 0.3484375 0.4599609375 0.0234375 0.0205078125
Cars 0.5921875 0.474609375 0.01875 0.03125
