Bicycles 0.05859375 0.5068359375 0.01640625 0.0419921875
People 0.06171875 0.462890625 0.02109375 0.060546875
Cars 0.52578125 0.4775390625 0.02890625 0.0302734375
Cars 0.37265625 0.47265625 0.02109375 0.03125
Cars 0.32578125 0.4814453125 0.04296875 0.0458984375
People 0.7484375 0.4677734375 0.0171875 0.0439453125
People 0.71640625 0.4619140625 0.01796875 0.0478515625
People 0.68671875 0.46484375 0.01328125 0.04296875
People 0.1671875 0.4619140625 0.009375 0.0205078125
Cars 0.48203125 0.462890625 0.01484375 0.017578125
Cars 0.4078125 0.4599609375 0.0109375 0.0126953125
Cars 0.453125 0.4609375 0.0109375 0.013671875
