Cars 0.17265625 0.462890625 0.03515625 0.03515625
Cars 0.23671875 0.4794921875 0.03984375 0.0380859375
Cars 0.3984375 0.466796875 0.028125 0.02734375
Cars 0.57734375 0.54296875 0.14765625 0.064453125
Cars 0.571875 0.46875 0.08125 0.025390625
People 0.74296875 0.4599609375 0.01484375 0.0419921875
People 0.68984375 0.455078125 0.01484375 0.02734375
People 0.10625 0.4677734375 0.0140625 0.0380859375
People 0.08203125 0.4677734375 0.01484375 0.0419921875
People 0.59375 0.4326171875 0.0109375 0.0166015625
People 0.56796875 0.4296875 0.01015625 0.015625
People 0.54375 0.431640625 0.0109375 0.017578125
Cars 0.371875 0.455078125 0.0140625 0.01953125
Cars 0.35703125 0.4521484375 0.01171875 0.0185546875
Cars 0.340625 0.4482421875 0.0109375 0.0146484375
Cars 0.265625 0.447265625 0.0203125 0.017578125
People 0.575 0.51171875 0.0171875 0.013671875
Cars 0.971875 0.5380859375 0.0265625 0.0322265625
