People 0.10390625 0.470703125 0.01171875 0.029296875
People 0.12421875 0.470703125 0.01171875 0.02734375
People 0.8703125 0.431640625 0.021875 0.03515625
Cars 0.446875 0.4892578125 0.03125 0.0302734375
Cars 0.29375 0.478515625 0.0265625 0.025390625
People 0.08359375 0.48046875 0.00859375 0.03125
People 0.06953125 0.474609375 0.01015625 0.03515625
People 0.1703125 0.474609375 0.0109375 0.03125
People 0.2078125 0.4794921875 0.015625 0.0302734375
Bicycles 0.171875 0.5068359375 0.015625 0.0224609375
Bicycles 0.21015625 0.5107421875 0.01484375 0.0185546875
People 0.14453125 0.4697265625 0.01015625 0.0244140625
Cars 0.38203125 0.47265625 0.01484375 0.015625
People 0.678125 0.4560546875 0.009375 0.0224609375
