Cars 0.14921875 0.52734375 0.09140625 0.06640625
Cars 0.3109375 0.4921875 0.0796875 0.056640625
Cars 0.8203125 0.5947265625 0.1234375 0.1201171875
Cars 0.68203125 0.529296875 0.06015625 0.0625
Cars 0.62578125 0.49609375 0.02890625 0.03515625
Cars 0.47109375 0.4619140625 0.01796875 0.0166015625
People 0.50546875 0.4697265625 0.01015625 0.0205078125
People 0.48515625 0.46875 0.01015625 0.01953125
Cars 0.7 0.458984375 0.028125 0.01953125
Cars 0.86171875 0.4775390625 0.04296875 0.0224609375
Cars 0.93984375 0.4921875 0.05234375 0.033203125
Cars 0.609375 0.4765625 0.028125 0.033203125
People 0.43046875 0.4619140625 0.00703125 0.0205078125
