Bicycles 0.73125 0.587890625 0.025 0.064453125
People 0.5390625 0.4697265625 0.0078125 0.0244140625
People 0.51328125 0.4619140625 0.00546875 0.0146484375
People 0.5015625 0.462890625 0.00625 0.013671875
People 0.47734375 0.4619140625 0.00546875 0.0146484375
Cars 0.44453125 0.48046875 0.03203125 0.0390625
Cars 0.121875 0.49609375 0.0421875 0.037109375
Cars 0.20078125 0.4853515625 0.03203125 0.0302734375
Cars 0.2625 0.4755859375 0.025 0.0244140625
Cars 0.31796875 0.4736328125 0.01640625 0.0185546875
People 0.7265625 0.494140625 0.0359375 0.107421875
