Cars 0.89765625 0.5791015625 0.10078125 0.1845703125
Cars 0.76796875 0.53515625 0.13671875 0.125
Cars 0.62734375 0.5068359375 0.06171875 0.0791015625
Cars 0.57578125 0.490234375 0.03515625 0.056640625
Cars 0.53671875 0.4794921875 0.02734375 0.0478515625
Cars 0.47578125 0.4619140625 0.01640625 0.0185546875
Cars 0.4609375 0.451171875 0.009375 0.01171875
Cars 0.44765625 0.4443359375 0.00859375 0.0107421875
Cars 0.40859375 0.4375 0.00859375 0.01171875
Cars 0.3875 0.455078125 0.0140625 0.015625
Cars 0.359375 0.4541015625 0.0140625 0.0146484375
Cars 0.146875 0.525390625 0.1296875 0.111328125
