Bicycles 0.975 0.5986328125 0.0234375 0.0498046875
Bicycles 0.690625 0.5634765625 0.09375 0.0693359375
Bicycles 0.29609375 0.544921875 0.03671875 0.05078125
Bicycles 0.16953125 0.5380859375 0.02578125 0.0439453125
People 0.6796875 0.48046875 0.05 0.109375
People 0.29921875 0.486328125 0.03359375 0.076171875
People 0.1671875 0.4921875 0.0203125 0.064453125
Cars 0.55 0.48046875 0.040625 0.0390625
Cars 0.19921875 0.4765625 0.02734375 0.041015625
Cars 0.0421875 0.5009765625 0.0421875 0.0576171875
Cars 0.3390625 0.4736328125 0.025 0.0322265625
Cars 0.50703125 0.4814453125 0.01171875 0.0224609375
Cars 0.4984375 0.4716796875 0.01875 0.0224609375
