Cars 0.54375 0.4658203125 0.0375 0.0380859375
Cars 0.0328125 0.490234375 0.0328125 0.056640625
Cars 0.2046875 0.466796875 0.0296875 0.0390625
People 0.078125 0.4951171875 0.025 0.0791015625
People 0.10390625 0.458984375 0.01328125 0.044921875
People 0.1375 0.4853515625 0.0234375 0.0771484375
People 0.17578125 0.4775390625 0.02421875 0.0654296875
People 0.2546875 0.458984375 0.0140625 0.044921875
Bicycles 0.0703125 0.537109375 0.028125 0.03515625
Bicycles 0.13515625 0.5234375 0.01640625 0.046875
Bicycles 0.2515625 0.5029296875 0.0171875 0.0283203125
Bicycles 0.17421875 0.509765625 0.01015625 0.033203125
Cars 0.49921875 0.4638671875 0.01640625 0.0224609375
Cars 0.50390625 0.4677734375 0.01015625 0.0224609375
Cars 0.31875 0.462890625 0.0125 0.017578125
People 0.278125 0.458984375 0.0125 0.037109375
Bicycles 0.28046875 0.4951171875 0.01015625 0.0185546875
