Cars 0.09296875 0.5341796875 0.09296875 0.1279296875
Cars 0.29453125 0.5107421875 0.07265625 0.0576171875
Cars 0.3765625 0.4853515625 0.0390625 0.0439453125
Cars 0.42421875 0.4892578125 0.01640625 0.0302734375
Cars 0.4375 0.4736328125 0.021875 0.0341796875
Cars 0.8890625 0.599609375 0.1078125 0.111328125
Cars 0.62421875 0.47265625 0.02109375 0.017578125
Cars 0.4953125 0.4638671875 0.01875 0.0185546875
People 0.94921875 0.482421875 0.01640625 0.02734375
People 0.79140625 0.515625 0.02734375 0.068359375
People 0.7421875 0.5390625 0.0265625 0.1015625
People 0.71171875 0.529296875 0.01796875 0.095703125
Cars 0.89296875 0.48046875 0.04296875 0.017578125
Cars 0.603125 0.4619140625 0.0140625 0.0126953125
Cars 0.5578125 0.4560546875 0.009375 0.0107421875
Cars 0.68984375 0.505859375 0.02109375 0.04296875
Cars 0.66796875 0.49609375 0.02109375 0.03515625
