Cars 0.87265625 0.62890625 0.12578125 0.111328125
Cars 0.715625 0.5419921875 0.0703125 0.0537109375
Cars 0.6578125 0.5146484375 0.034375 0.0439453125
Cars 0.5265625 0.5283203125 0.05625 0.0634765625
People 0.23359375 0.4853515625 0.01171875 0.0458984375
People 0.27578125 0.451171875 0.01171875 0.029296875
People 0.621875 0.4609375 0.009375 0.017578125
Cars 0.55625 0.45703125 0.015625 0.017578125
Cars 0.52421875 0.447265625 0.01171875 0.013671875
People 0.3015625 0.458984375 0.0109375 0.02734375
