Cars 0.57578125 0.462890625 0.02734375 0.02734375
Cars 0.40234375 0.4580078125 0.02890625 0.0341796875
People 0.709375 0.4833984375 0.009375 0.0224609375
People 0.70703125 0.451171875 0.01015625 0.015625
People 0.69375 0.4638671875 0.009375 0.0302734375
People 0.2328125 0.4716796875 0.009375 0.0283203125
Cars 0.7484375 0.4423828125 0.021875 0.0263671875
Cars 0.759375 0.4638671875 0.01875 0.0205078125
Cars 0.84453125 0.458984375 0.02734375 0.0234375
People 0.8609375 0.4736328125 0.009375 0.0185546875
People 0.88203125 0.453125 0.01171875 0.0234375
People 0.8859375 0.482421875 0.0125 0.017578125
People 0.93828125 0.48046875 0.01328125 0.01953125
People 0.953125 0.4755859375 0.009375 0.0205078125
People 0.4625 0.4453125 0.00625 0.015625
