Cars 0.0296875 0.5478515625 0.0296875 0.0458984375
Cars 0.05546875 0.505859375 0.05546875 0.060546875
Cars 0.134375 0.515625 0.0453125 0.05078125
Cars 0.15703125 0.50390625 0.04140625 0.041015625
Cars 0.196875 0.49609375 0.0375 0.03515625
People 0.31171875 0.5068359375 0.01328125 0.0439453125
People 0.28828125 0.5029296875 0.01171875 0.0458984375
Cars 0.61875 0.50390625 0.0359375 0.033203125
Cars 0.77421875 0.5029296875 0.03984375 0.0380859375
Cars 0.8328125 0.515625 0.1 0.05859375
Cars 0.884375 0.52734375 0.096875 0.06640625
Cars 0.48203125 0.484375 0.01328125 0.017578125
Cars 0.60546875 0.49609375 0.03984375 0.03515625
