Cars 0.96796875 0.4560546875 0.02734375 0.0458984375
Cars 0.678125 0.4755859375 0.1234375 0.0595703125
Cars 0.5109375 0.44921875 0.0171875 0.017578125
Cars 0.4375 0.42578125 0.0140625 0.013671875
Cars 0.40703125 0.439453125 0.01171875 0.013671875
Cars 0.38671875 0.4453125 0.01484375 0.015625
Cars 0.37421875 0.4541015625 0.01640625 0.0146484375
Cars 0.32109375 0.4619140625 0.03671875 0.0205078125
Cars 0.28046875 0.455078125 0.01328125 0.015625
Cars 0.075 0.4580078125 0.0265625 0.0205078125
Cars 0.15 0.4892578125 0.065625 0.0458984375
Cars 0.91171875 0.4638671875 0.01953125 0.0361328125
