Bicycles 0.75859375 0.5068359375 0.02578125 0.0263671875
Bicycles 0.81796875 0.515625 0.03671875 0.02734375
People 0.76015625 0.451171875 0.01796875 0.05078125
People 0.72265625 0.4501953125 0.01328125 0.0576171875
People 0.70390625 0.4560546875 0.01484375 0.0576171875
Cars 0.121875 0.5107421875 0.0765625 0.0693359375
Cars 0.23125 0.4736328125 0.0484375 0.0498046875
Cars 0.28359375 0.46484375 0.01640625 0.03125
Cars 0.35078125 0.48046875 0.02890625 0.0390625
Cars 0.41875 0.4931640625 0.0625 0.0654296875
People 0.79140625 0.4326171875 0.01484375 0.0341796875
People 0.8171875 0.4384765625 0.015625 0.0205078125
Cars 0.0203125 0.4921875 0.0203125 0.0390625
