Cars 0.83671875 0.603515625 0.15390625 0.126953125
People 0.9328125 0.4970703125 0.025 0.0419921875
Cars 0.96640625 0.49609375 0.02578125 0.04296875
Cars 0.6875 0.51953125 0.053125 0.0546875
Cars 0.56015625 0.46875 0.01484375 0.015625
Cars 0.4703125 0.4677734375 0.0140625 0.0185546875
Cars 0.490625 0.46875 0.0109375 0.013671875
Cars 0.44453125 0.466796875 0.01796875 0.025390625
Cars 0.403125 0.486328125 0.0234375 0.03125
Cars 0.3546875 0.4853515625 0.0421875 0.0439453125
Cars 0.309375 0.50390625 0.03125 0.044921875
Cars 0.278125 0.5048828125 0.0265625 0.0458984375
Cars 0.22890625 0.515625 0.04140625 0.05859375
Cars 0.11796875 0.5400390625 0.10859375 0.0751953125
People 0.6390625 0.474609375 0.0078125 0.025390625
Cars 0.66796875 0.4658203125 0.02578125 0.0205078125
Cars 0.74765625 0.470703125 0.01796875 0.021484375
People 0.58125 0.4609375 0.00625 0.013671875
