Cars 0.9484375 0.552734375 0.05 0.095703125
People 0.8859375 0.5478515625 0.028125 0.1123046875
Cars 0.7421875 0.4921875 0.0265625 0.0390625
Cars 0.6640625 0.52734375 0.06875 0.0703125
Cars 0.553125 0.4677734375 0.01875 0.0205078125
Cars 0.5046875 0.4658203125 0.0203125 0.0224609375
Cars 0.38984375 0.4794921875 0.04765625 0.0498046875
Cars 0.3234375 0.4765625 0.0328125 0.041015625
Cars 0.29765625 0.490234375 0.02890625 0.037109375
Cars 0.24375 0.4951171875 0.0390625 0.0478515625
Cars 0.1453125 0.505859375 0.0828125 0.07421875
People 0.459375 0.45703125 0.00625 0.015625
Cars 0.60625 0.5009765625 0.028125 0.0478515625
Cars 0.4453125 0.4599609375 0.0140625 0.0166015625
