Cars 0.81484375 0.462890625 0.02734375 0.0390625
Cars 0.9234375 0.447265625 0.0703125 0.068359375
People 0.65703125 0.46484375 0.01328125 0.0390625
People 0.63125 0.4638671875 0.0125 0.0419921875
People 0.16953125 0.4794921875 0.01015625 0.0224609375
People 0.1140625 0.48828125 0.009375 0.0234375
People 0.5515625 0.4580078125 0.009375 0.0224609375
Cars 0.94609375 0.4931640625 0.04140625 0.0517578125
People 0.57421875 0.458984375 0.00703125 0.025390625
People 0.59140625 0.4541015625 0.01015625 0.0263671875
People 0.3640625 0.462890625 0.0046875 0.013671875
People 0.38046875 0.4609375 0.00546875 0.015625
Cars 0.72734375 0.4619140625 0.01796875 0.0263671875
People 0.1265625 0.4912109375 0.009375 0.0146484375
