People 0.1828125 0.5498046875 0.0296875 0.0810546875
Bicycles 0.18359375 0.6328125 0.02578125 0.0546875
People 0.4953125 0.46875 0.0125 0.029296875
People 0.425 0.46484375 0.0109375 0.025390625
Cars 0.08671875 0.595703125 0.08671875 0.087890625
Cars 0.1921875 0.5302734375 0.0625 0.0517578125
Cars 0.25859375 0.5185546875 0.04140625 0.0380859375
Cars 0.29921875 0.5009765625 0.03515625 0.0341796875
Cars 0.34921875 0.4951171875 0.03046875 0.0302734375
Cars 0.37734375 0.4775390625 0.02734375 0.0283203125
Cars 0.846875 0.7158203125 0.1515625 0.1669921875
Cars 0.74140625 0.5869140625 0.08984375 0.0947265625
Cars 0.684375 0.53515625 0.06875 0.087890625
Cars 0.5125 0.4580078125 0.01875 0.0263671875
Cars 0.415625 0.4541015625 0.0171875 0.0205078125
Cars 0.446875 0.451171875 0.0125 0.013671875
Cars 0.615625 0.51171875 0.021875 0.048828125
Cars 0.60390625 0.494140625 0.02421875 0.037109375
Cars 0.58359375 0.4677734375 0.02890625 0.0380859375
Cars 0.80078125 0.4501953125 0.04921875 0.0224609375
Cars 0.7234375 0.439453125 0.0171875 0.01171875
