Cars 0.1875 0.4345703125 0.034375 0.0322265625
People 0.9484375 0.5166015625 0.01875 0.0771484375
People 0.9140625 0.5244140625 0.05 0.1103515625
People 0.653125 0.513671875 0.05 0.095703125
People 0.53359375 0.4931640625 0.03828125 0.0830078125
People 0.471875 0.486328125 0.025 0.087890625
People 0.43671875 0.470703125 0.02265625 0.064453125
People 0.3984375 0.451171875 0.01875 0.04296875
People 0.37890625 0.5068359375 0.02734375 0.0810546875
People 0.34375 0.4677734375 0.01875 0.0751953125
People 0.3046875 0.4736328125 0.025 0.0732421875
People 0.278125 0.4658203125 0.021875 0.0634765625
People 0.675 0.4716796875 0.015625 0.0595703125
People 0.24140625 0.421875 0.01015625 0.03125
Cars 0.6125 0.4677734375 0.0375 0.0361328125
