People 0.8515625 0.4580078125 0.021875 0.0498046875
People 0.8078125 0.4541015625 0.01875 0.0458984375
People 0.67578125 0.455078125 0.01328125 0.021484375
People 0.24921875 0.4697265625 0.01171875 0.0322265625
Cars 0.73359375 0.5048828125 0.08828125 0.0654296875
Cars 0.528125 0.47265625 0.028125 0.02734375
Cars 0.45 0.4775390625 0.0265625 0.0224609375
Cars 0.378125 0.4609375 0.015625 0.017578125
Cars 0.2109375 0.4921875 0.0390625 0.0390625
Cars 0.14375 0.4931640625 0.0515625 0.0498046875
Cars 0.03046875 0.51953125 0.03046875 0.064453125
Cars 0.3171875 0.470703125 0.0234375 0.021484375
