People 0.82734375 0.6220703125 0.02890625 0.0966796875
Dogs 0.94140625 0.703125 0.02109375 0.04296875
Cars 0.1203125 0.603515625 0.078125 0.06640625
Cars 0.1140625 0.5341796875 0.0359375 0.0283203125
Cars 0.23046875 0.5693359375 0.04765625 0.0361328125
Cars 0.321875 0.5341796875 0.0265625 0.0322265625
Cars 0.5828125 0.580078125 0.0515625 0.060546875
Cars 0.6140625 0.615234375 0.06875 0.06640625
Cars 0.04453125 0.5517578125 0.04140625 0.0361328125
Cars 0.271875 0.552734375 0.0375 0.037109375
Cars 0.35234375 0.5341796875 0.01015625 0.0185546875
Cars 0.36171875 0.52734375 0.01171875 0.017578125
Cars 0.5359375 0.5625 0.021875 0.037109375
Cars 0.50546875 0.5380859375 0.01484375 0.0185546875
People 0.39765625 0.5234375 0.00703125 0.017578125
