Cars 0.1046875 0.5146484375 0.0796875 0.0732421875
Cars 0.04140625 0.55078125 0.04140625 0.072265625
Cars 0.26171875 0.4990234375 0.04765625 0.0380859375
Cars 0.30546875 0.4794921875 0.03359375 0.0322265625
People 0.37890625 0.4716796875 0.01015625 0.0302734375
Cars 0.83984375 0.51171875 0.07734375 0.08203125
Cars 0.8078125 0.455078125 0.0421875 0.03515625
Cars 0.72265625 0.455078125 0.04765625 0.033203125
Cars 0.49140625 0.4609375 0.01640625 0.015625
Cars 0.33828125 0.4775390625 0.01328125 0.0302734375
Cars 0.3578125 0.4755859375 0.0171875 0.0224609375
Cars 0.4015625 0.4697265625 0.0171875 0.0166015625
People 0.4421875 0.4619140625 0.009375 0.0205078125
People 0.5171875 0.45703125 0.00625 0.015625
People 0.52578125 0.458984375 0.00546875 0.017578125
Cars 0.53828125 0.4599609375 0.01171875 0.0146484375
Cars 0.6484375 0.4619140625 0.021875 0.0263671875
