People 0.9171875 0.4990234375 0.021875 0.0751953125
People 0.88125 0.5048828125 0.0171875 0.0615234375
People 0.8515625 0.4970703125 0.0140625 0.0439453125
People 0.81640625 0.453125 0.01015625 0.01171875
People 0.81796875 0.51953125 0.01640625 0.0546875
People 0.7859375 0.5166015625 0.015625 0.0615234375
People 0.7609375 0.5146484375 0.009375 0.0517578125
People 0.7296875 0.515625 0.009375 0.03515625
People 0.71015625 0.521484375 0.01015625 0.037109375
People 0.6875 0.51953125 0.009375 0.0390625
People 0.6734375 0.51171875 0.0078125 0.033203125
People 0.659375 0.5185546875 0.0109375 0.0341796875
People 0.63984375 0.5234375 0.01015625 0.033203125
People 0.61875 0.51953125 0.009375 0.03125
People 0.60078125 0.51953125 0.01015625 0.02734375
People 0.57421875 0.48828125 0.00703125 0.01953125
People 0.5625 0.4921875 0.00625 0.017578125
People 0.5484375 0.5009765625 0.009375 0.0224609375
People 0.52890625 0.4951171875 0.01015625 0.0185546875
Cars 0.4375 0.46875 0.0125 0.01171875
Cars 0.4140625 0.462890625 0.009375 0.013671875
Cars 0.4296875 0.4814453125 0.0140625 0.0126953125
Cars 0.47734375 0.5400390625 0.05703125 0.0556640625
Cars 0.40703125 0.5380859375 0.02578125 0.0439453125
Cars 0.37109375 0.515625 0.01484375 0.01953125
Cars 0.3296875 0.509765625 0.028125 0.0234375
People 0.25546875 0.50390625 0.00546875 0.0234375
People 0.240625 0.521484375 0.009375 0.0234375
People 0.2328125 0.505859375 0.0078125 0.025390625
Cars 0.153125 0.5361328125 0.025 0.0263671875
Cars 0.10546875 0.5322265625 0.01484375 0.0263671875
