People 0.65234375 0.498046875 0.01015625 0.029296875
People 0.59453125 0.4990234375 0.01015625 0.0302734375
People 0.5546875 0.5029296875 0.0109375 0.0322265625
Cars 0.55390625 0.501953125 0.04921875 0.0390625
Cars 0.49765625 0.4912109375 0.01796875 0.0263671875
Cars 0.48046875 0.482421875 0.01171875 0.017578125
Cars 0.421875 0.4970703125 0.034375 0.0361328125
Cars 0.3734375 0.4931640625 0.021875 0.0244140625
People 0.1328125 0.505859375 0.0109375 0.033203125
Cars 0.05546875 0.5234375 0.05546875 0.12890625
