Cars 0.15078125 0.5205078125 0.06171875 0.0439453125
Cars 0.22734375 0.5078125 0.03046875 0.03125
Cars 0.2703125 0.5009765625 0.0296875 0.0283203125
Cars 0.30546875 0.498046875 0.02265625 0.025390625
Cars 0.33046875 0.4970703125 0.01796875 0.0244140625
Cars 0.3734375 0.4892578125 0.015625 0.0166015625
Cars 0.43046875 0.484375 0.01484375 0.015625
Cars 0.35390625 0.4951171875 0.02109375 0.0263671875
People 0.65859375 0.5341796875 0.02109375 0.0634765625
Bicycles 0.66015625 0.572265625 0.01171875 0.0390625
Cars 0.44765625 0.484375 0.01015625 0.01171875
Cars 0.4578125 0.4814453125 0.0109375 0.0126953125
