Cars 0.75234375 0.6240234375 0.24296875 0.1083984375
People 0.5953125 0.5029296875 0.015625 0.0478515625
People 0.796875 0.490234375 0.0140625 0.03125
People 0.859375 0.501953125 0.0171875 0.052734375
People 0.8984375 0.5146484375 0.0140625 0.0537109375
Cars 0.475 0.5078125 0.0265625 0.02734375
Cars 0.1625 0.587890625 0.1625 0.0703125
People 0.20234375 0.46484375 0.01015625 0.017578125
People 0.21640625 0.462890625 0.01015625 0.017578125
People 0.22578125 0.466796875 0.00703125 0.01171875
People 0.2359375 0.4697265625 0.0078125 0.0126953125
People 0.2546875 0.46875 0.009375 0.013671875
