People 0.95546875 0.6669921875 0.03984375 0.1357421875
Bicycles 0.9453125 0.78515625 0.0453125 0.099609375
Bicycles 0.73984375 0.5888671875 0.01640625 0.0478515625
People 0.95078125 0.4970703125 0.01796875 0.0322265625
People 0.90859375 0.4892578125 0.02109375 0.0361328125
People 0.5734375 0.4580078125 0.009375 0.0283203125
People 0.5578125 0.4580078125 0.009375 0.0302734375
People 0.11484375 0.474609375 0.01171875 0.0390625
People 0.08828125 0.4755859375 0.01328125 0.0439453125
Cars 0.64765625 0.49609375 0.05234375 0.0390625
People 0.73671875 0.529296875 0.02734375 0.06640625
Cars 0.8875 0.587890625 0.05 0.0703125
Cars 0.828125 0.548828125 0.065625 0.083984375
Cars 0.42109375 0.451171875 0.02734375 0.017578125
Cars 0.45390625 0.4677734375 0.02734375 0.0263671875
Cars 0.51015625 0.46875 0.02578125 0.029296875
Cars 0.3125 0.439453125 0.0171875 0.013671875
People 0.3640625 0.44921875 0.00625 0.01953125
People 0.353125 0.44921875 0.0078125 0.01953125
