People 0.32109375 0.478515625 0.02734375 0.068359375
People 0.353125 0.47265625 0.0203125 0.072265625
People 0.36875 0.466796875 0.0140625 0.0703125
People 0.0421875 0.46875 0.015625 0.0625
People 0.7375 0.400390625 0.021875 0.021484375
Bicycles 0.52421875 0.46484375 0.05234375 0.0390625
Cars 0.771875 0.4716796875 0.1390625 0.1083984375
Cars 0.86875 0.486328125 0.1296875 0.150390625
People 0.68828125 0.412109375 0.00859375 0.009765625
People 0.70390625 0.4140625 0.00859375 0.0078125
People 0.05 0.4619140625 0.0125 0.0654296875
