People 0.79140625 0.521484375 0.02578125 0.05859375
People 0.77109375 0.5849609375 0.02734375 0.0888671875
People 0.72421875 0.5751953125 0.02734375 0.1064453125
Cars 0.17265625 0.46875 0.07734375 0.025390625
Cars 0.25390625 0.4462890625 0.03984375 0.0224609375
Cars 0.3484375 0.505859375 0.05 0.06640625
Cars 0.2875 0.5390625 0.05625 0.068359375
Cars 0.19765625 0.58203125 0.08515625 0.0859375
Cars 0.08828125 0.6826171875 0.08671875 0.1533203125
Cars 0.02421875 0.45703125 0.02421875 0.03125
Cars 0.4265625 0.4736328125 0.025 0.0283203125
Cars 0.4640625 0.4609375 0.015625 0.021484375
Cars 0.559375 0.4501953125 0.0171875 0.0205078125
Cars 0.628125 0.4677734375 0.0234375 0.0263671875
Cars 0.9265625 0.69140625 0.0671875 0.1328125
Cars 0.8765625 0.587890625 0.0859375 0.09375
