Cars 0.61875 0.4677734375 0.0421875 0.0439453125
Cars 0.5671875 0.455078125 0.0203125 0.033203125
Cars 0.53984375 0.4521484375 0.01015625 0.0224609375
Cars 0.5265625 0.4462890625 0.0125 0.0185546875
Cars 0.51015625 0.4443359375 0.01015625 0.0166015625
Cars 0.4921875 0.4443359375 0.0078125 0.0087890625
Cars 0.46328125 0.4443359375 0.01328125 0.0146484375
Cars 0.446875 0.4443359375 0.009375 0.0087890625
Cars 0.3421875 0.462890625 0.028125 0.037109375
Cars 0.278125 0.4697265625 0.05 0.0458984375
People 0.11875 0.4697265625 0.0171875 0.0693359375
Bicycles 0.159375 0.5087890625 0.0203125 0.0341796875
Bicycles 0.08125 0.5078125 0.021875 0.03125
