People 0.6703125 0.5166015625 0.028125 0.1142578125
People 0.61484375 0.517578125 0.03828125 0.119140625
People 0.40078125 0.478515625 0.01171875 0.04296875
People 0.36171875 0.4814453125 0.01484375 0.0419921875
Cars 0.065625 0.515625 0.065625 0.08984375
Cars 0.14609375 0.494140625 0.05546875 0.052734375
Cars 0.5109375 0.482421875 0.040625 0.04296875
Cars 0.5625 0.4853515625 0.0296875 0.0576171875
Cars 0.8328125 0.505859375 0.140625 0.091796875
Cars 0.8953125 0.546875 0.103125 0.107421875
Cars 0.26875 0.46875 0.0265625 0.01953125
Cars 0.47890625 0.4736328125 0.02890625 0.0302734375
People 0.42734375 0.474609375 0.01171875 0.03125
