People 0.8375 0.4658203125 0.0125 0.0537109375
People 0.815625 0.470703125 0.0109375 0.044921875
Cars 0.88046875 0.484375 0.02890625 0.03125
Cars 0.65234375 0.5068359375 0.04765625 0.0419921875
Cars 0.52734375 0.4990234375 0.07578125 0.0927734375
People 0.4078125 0.4130859375 0.0125 0.0185546875
Cars 0.33125 0.48828125 0.0171875 0.01953125
Cars 0.2921875 0.4873046875 0.015625 0.0205078125
Cars 0.25 0.4931640625 0.03125 0.0205078125
Cars 0.12265625 0.498046875 0.09765625 0.05078125
Cars 0.4390625 0.55078125 0.1203125 0.125
