People 0.76875 0.482421875 0.0203125 0.041015625
People 0.73671875 0.484375 0.01640625 0.04296875
People 0.53125 0.46484375 0.0125 0.03125
People 0.56875 0.470703125 0.0140625 0.03515625
Cars 0.9078125 0.609375 0.090625 0.08984375
Cars 0.39921875 0.46484375 0.02578125 0.02734375
Cars 0.07578125 0.68359375 0.07421875 0.1484375
Cars 0.66875 0.4521484375 0.0234375 0.0205078125
Cars 0.96171875 0.4931640625 0.03671875 0.0400390625
Cars 0.90390625 0.51171875 0.01171875 0.025390625
Cars 0.8890625 0.47265625 0.0328125 0.01953125
People 0.29296875 0.46484375 0.01328125 0.02734375
People 0.3296875 0.4501953125 0.009375 0.0283203125
