Bicycles 0.84453125 0.6171875 0.04765625 0.0703125
Bicycles 0.6546875 0.5478515625 0.0265625 0.0419921875
Bicycles 0.4859375 0.4873046875 0.0078125 0.0205078125
Bicycles 0.45078125 0.490234375 0.00859375 0.025390625
Bicycles 0.42890625 0.4794921875 0.00390625 0.0126953125
Bicycles 0.034375 0.5732421875 0.034375 0.0556640625
Bicycles 0.171875 0.51953125 0.0125 0.033203125
Bicycles 0.33515625 0.484375 0.00546875 0.013671875
People 0.234375 0.462890625 0.009375 0.021484375
People 0.14765625 0.4755859375 0.01171875 0.0419921875
People 0.2515625 0.4609375 0.0078125 0.01953125
Cars 0.94921875 0.56640625 0.04921875 0.11328125
Cars 0.75625 0.521484375 0.04375 0.080078125
Cars 0.7125 0.4990234375 0.03125 0.0595703125
Cars 0.55390625 0.4765625 0.02890625 0.02734375
People 0.85 0.501953125 0.053125 0.107421875
People 0.65703125 0.458984375 0.02265625 0.05078125
Cars 0.6234375 0.505859375 0.0109375 0.037109375
Cars 0.51796875 0.4765625 0.01171875 0.017578125
People 0.4890625 0.447265625 0.0109375 0.025390625
People 0.45 0.447265625 0.0109375 0.017578125
People 0.4296875 0.4501953125 0.0109375 0.0185546875
Cars 0.40703125 0.4609375 0.01171875 0.01171875
People 0.3328125 0.4521484375 0.009375 0.0146484375
People 0.171875 0.4521484375 0.0140625 0.0341796875
People 0.0359375 0.4599609375 0.034375 0.0615234375
People 0.27109375 0.46484375 0.01015625 0.017578125
