People 0.28125 0.47265625 0.015625 0.05078125
Bicycles 0.2375 0.470703125 0.0296875 0.029296875
Cars 0.32421875 0.4853515625 0.03046875 0.0380859375
Cars 0.43046875 0.474609375 0.10078125 0.060546875
Cars 0.5390625 0.4951171875 0.06875 0.0556640625
Cars 0.6109375 0.4931640625 0.103125 0.0673828125
Cars 0.70625 0.498046875 0.096875 0.068359375
Cars 0.84453125 0.5068359375 0.11796875 0.0771484375
Cars 0.97421875 0.4970703125 0.02421875 0.1005859375
People 0.76796875 0.4140625 0.01484375 0.015625
People 0.81484375 0.416015625 0.01328125 0.015625
People 0.86875 0.4140625 0.0125 0.015625
People 0.8890625 0.4111328125 0.0125 0.0166015625
People 0.909375 0.412109375 0.0109375 0.017578125
People 0.359375 0.439453125 0.009375 0.0078125
People 0.3421875 0.443359375 0.00625 0.005859375
