Bicycles 0.7671875 0.5283203125 0.0421875 0.0751953125
Bicycles 0.9015625 0.537109375 0.046875 0.072265625
Bicycles 0.2796875 0.490234375 0.0078125 0.01953125
People 0.415625 0.4609375 0.0078125 0.025390625
People 0.6421875 0.46875 0.015625 0.044921875
People 0.6546875 0.43359375 0.0078125 0.021484375
Cars 0.06171875 0.494140625 0.06171875 0.0546875
Cars 0.21015625 0.4765625 0.03984375 0.03515625
Cars 0.25546875 0.4716796875 0.01796875 0.0244140625
Cars 0.31640625 0.466796875 0.01484375 0.01953125
Cars 0.33046875 0.4619140625 0.01484375 0.0205078125
Cars 0.29375 0.46875 0.009375 0.021484375
Bicycles 0.85234375 0.55078125 0.02109375 0.048828125
Bicycles 0.81875 0.548828125 0.0125 0.052734375
People 0.278125 0.451171875 0.0078125 0.01953125
