Cars 0.89921875 0.787109375 0.09921875 0.1875
People 0.134375 0.5400390625 0.021875 0.0634765625
People 0.15546875 0.484375 0.01171875 0.04296875
People 0.1765625 0.4814453125 0.0109375 0.0361328125
People 0.20078125 0.4775390625 0.01015625 0.0361328125
People 0.37890625 0.5595703125 0.03046875 0.0966796875
People 0.5265625 0.5322265625 0.0234375 0.0908203125
Bicycles 0.38125 0.609375 0.01875 0.0546875
Bicycles 0.134375 0.57421875 0.0140625 0.037109375
Cars 0.29296875 0.4814453125 0.03359375 0.0283203125
Cars 0.428125 0.4560546875 0.0140625 0.0185546875
Cars 0.33203125 0.4755859375 0.01171875 0.0224609375
Cars 0.33984375 0.4736328125 0.01015625 0.0205078125
Cars 0.49453125 0.470703125 0.01328125 0.025390625
