Cars 0.36015625 0.51953125 0.02890625 0.025390625
Cars 0.43125 0.5205078125 0.021875 0.0185546875
Cars 0.48828125 0.5224609375 0.01796875 0.0205078125
Cars 0.5640625 0.515625 0.0171875 0.021484375
Cars 0.14765625 0.583984375 0.05078125 0.041015625
People 0.31953125 0.5380859375 0.01484375 0.0322265625
Cars 0.06015625 0.5 0.01796875 0.021484375
Bicycles 0.31796875 0.5625 0.01171875 0.015625
Cars 0.0265625 0.494140625 0.0203125 0.015625
Cars 0.1171875 0.490234375 0.0296875 0.01953125
People 0.13125 0.5185546875 0.0109375 0.0205078125
