Cars 0.84140625 0.6123046875 0.15703125 0.1904296875
People 0.6640625 0.5078125 0.021875 0.0390625
Cars 0.5828125 0.5009765625 0.0578125 0.0517578125
Cars 0.54296875 0.4814453125 0.04140625 0.0517578125
Cars 0.5 0.478515625 0.0109375 0.033203125
Cars 0.48125 0.478515625 0.0140625 0.017578125
Cars 0.45234375 0.4638671875 0.01484375 0.0166015625
Cars 0.4171875 0.4736328125 0.015625 0.0185546875
Cars 0.35546875 0.4658203125 0.02421875 0.0244140625
Cars 0.29140625 0.4716796875 0.01328125 0.0302734375
Cars 0.2484375 0.4775390625 0.0296875 0.0380859375
