People 0.16796875 0.455078125 0.02578125 0.056640625
People 0.2109375 0.46875 0.0203125 0.037109375
People 0.11640625 0.451171875 0.03515625 0.056640625
Cars 0.69609375 0.5234375 0.08984375 0.083984375
Cars 0.97578125 0.5185546875 0.02265625 0.0419921875
People 0.771875 0.482421875 0.00625 0.01953125
People 0.8046875 0.4814453125 0.00625 0.0146484375
Cars 0.9546875 0.5048828125 0.015625 0.0263671875
Bicycles 0.20390625 0.5810546875 0.05390625 0.0576171875
Bicycles 0.121875 0.59375 0.025 0.037109375
People 0.31640625 0.4599609375 0.01171875 0.0126953125
People 0.33515625 0.46484375 0.00703125 0.009765625
