Cars 0.7640625 0.5380859375 0.0921875 0.0849609375
Cars 0.64609375 0.5166015625 0.05234375 0.0517578125
People 0.58046875 0.4599609375 0.00859375 0.0283203125
Cars 0.53046875 0.4912109375 0.03046875 0.0361328125
Cars 0.50625 0.4453125 0.015625 0.021484375
Cars 0.44609375 0.435546875 0.01796875 0.01953125
Cars 0.48203125 0.421875 0.01171875 0.017578125
Cars 0.4125 0.3984375 0.0109375 0.017578125
Cars 0.3921875 0.431640625 0.0125 0.017578125
Cars 0.3703125 0.44921875 0.01875 0.0234375
Cars 0.346875 0.4189453125 0.0140625 0.0146484375
Cars 0.18671875 0.4931640625 0.03671875 0.0419921875
Cars 0.1203125 0.501953125 0.04375 0.048828125
Cars 0.0578125 0.5126953125 0.0578125 0.0556640625
