Cars 0.25078125 0.47265625 0.03046875 0.02734375
Cars 0.515625 0.458984375 0.015625 0.0234375
Cars 0.5546875 0.4814453125 0.025 0.0341796875
Cars 0.640625 0.45703125 0.040625 0.046875
People 0.7578125 0.466796875 0.0171875 0.068359375
People 0.7140625 0.45703125 0.0109375 0.060546875
People 0.6890625 0.4638671875 0.0203125 0.0673828125
People 0.58515625 0.498046875 0.04140625 0.099609375
People 0.48828125 0.5 0.02265625 0.09765625
People 0.52109375 0.5703125 0.01171875 0.0234375
People 0.375 0.51171875 0.0515625 0.11328125
People 0.21015625 0.5185546875 0.03515625 0.0927734375
People 0.15859375 0.50390625 0.02734375 0.107421875
