People 0.95234375 0.716796875 0.04609375 0.205078125
Cars 0.8953125 0.6240234375 0.05 0.0888671875
Cars 0.83828125 0.57421875 0.07421875 0.068359375
Cars 0.6515625 0.4755859375 0.03125 0.0263671875
Cars 0.56640625 0.4501953125 0.01640625 0.0205078125
Cars 0.46171875 0.46875 0.02109375 0.03125
Cars 0.41953125 0.486328125 0.03046875 0.041015625
Cars 0.02578125 0.44921875 0.02421875 0.02734375
Cars 0.0984375 0.498046875 0.096875 0.0546875
Cars 0.2046875 0.4580078125 0.0453125 0.0419921875
Cars 0.065625 0.6923828125 0.065625 0.1435546875
Cars 0.1671875 0.6005859375 0.1046875 0.1005859375
Cars 0.2953125 0.5341796875 0.078125 0.0888671875
Cars 0.6234375 0.45703125 0.01875 0.01953125
Cars 0.48828125 0.45703125 0.01328125 0.01953125
Cars 0.51484375 0.4453125 0.01328125 0.015625
Cars 0.3296875 0.4541015625 0.0296875 0.0263671875
