Cars 0.73046875 0.48828125 0.04921875 0.04296875
Cars 0.6640625 0.490234375 0.01875 0.03125
Cars 0.51484375 0.474609375 0.01015625 0.013671875
Cars 0.565625 0.4951171875 0.053125 0.0478515625
Cars 0.4890625 0.4736328125 0.0078125 0.0087890625
Cars 0.4609375 0.47265625 0.0140625 0.01171875
Cars 0.4328125 0.4736328125 0.009375 0.0126953125
Cars 0.41171875 0.46875 0.01015625 0.013671875
Cars 0.390625 0.474609375 0.0125 0.01953125
Cars 0.36953125 0.4755859375 0.01328125 0.0205078125
Cars 0.35390625 0.478515625 0.01171875 0.01953125
Cars 0.32734375 0.478515625 0.02109375 0.0234375
Cars 0.28671875 0.48828125 0.03671875 0.029296875
Cars 0.09453125 0.5107421875 0.09453125 0.0693359375
