Cars 0.9296875 0.4970703125 0.06875 0.1123046875
Cars 0.8109375 0.5009765625 0.075 0.0712890625
Bicycles 0.7328125 0.5048828125 0.0203125 0.0341796875
People 0.6296875 0.4482421875 0.0078125 0.0244140625
People 0.56328125 0.4423828125 0.00703125 0.0185546875
Cars 0.51953125 0.4423828125 0.01171875 0.0126953125
Cars 0.39609375 0.4453125 0.01328125 0.013671875
Cars 0.36171875 0.451171875 0.01796875 0.021484375
Cars 0.3390625 0.4580078125 0.025 0.0224609375
Cars 0.2765625 0.46484375 0.0203125 0.037109375
Cars 0.2 0.45703125 0.06875 0.060546875
Cars 0.115625 0.568359375 0.115625 0.18359375
