People 0.5328125 0.4658203125 0.034375 0.0751953125
People 0.28515625 0.4599609375 0.01484375 0.0419921875
People 0.13359375 0.4443359375 0.02421875 0.0634765625
People 0.059375 0.4404296875 0.0265625 0.0732421875
People 0.0296875 0.427734375 0.015625 0.06640625
Cars 0.33203125 0.46484375 0.03359375 0.03515625
Cars 0.371875 0.4599609375 0.0140625 0.0361328125
Cars 0.39296875 0.4638671875 0.01171875 0.0224609375
Cars 0.628125 0.4755859375 0.01875 0.0283203125
Cars 0.69375 0.470703125 0.0515625 0.056640625
Cars 0.9453125 0.517578125 0.053125 0.0546875
Cars 0.56484375 0.4580078125 0.02734375 0.0439453125
