People 0.01640625 0.517578125 0.01328125 0.041015625
People 0.61875 0.4658203125 0.0125 0.0380859375
People 0.7765625 0.490234375 0.025 0.087890625
People 0.8390625 0.4814453125 0.0265625 0.0830078125
Cars 0.93125 0.44921875 0.0671875 0.0703125
Cars 0.95078125 0.486328125 0.04609375 0.060546875
Cars 0.4953125 0.5205078125 0.06875 0.0634765625
Cars 0.725 0.4599609375 0.01875 0.0263671875
Cars 0.64375 0.44921875 0.0125 0.013671875
Cars 0.36953125 0.474609375 0.02890625 0.015625
People 0.125 0.486328125 0.0109375 0.017578125
People 0.60234375 0.458984375 0.01015625 0.02734375
People 0.5484375 0.458984375 0.009375 0.021484375
People 0.57890625 0.45703125 0.01015625 0.02734375
