Cars 0.02265625 0.490234375 0.02265625 0.064453125
Cars 0.06015625 0.462890625 0.06015625 0.060546875
Cars 0.09375 0.451171875 0.075 0.05859375
Cars 0.16015625 0.4326171875 0.07734375 0.0634765625
Cars 0.253125 0.3955078125 0.0359375 0.0283203125
Cars 0.33125 0.5244140625 0.1296875 0.1318359375
Cars 0.7734375 0.4169921875 0.03125 0.0361328125
Cars 0.75625 0.51171875 0.04375 0.083984375
People 0.940625 0.58203125 0.0578125 0.275390625
People 0.834375 0.533203125 0.059375 0.23046875
People 0.7015625 0.470703125 0.025 0.103515625
People 0.65703125 0.453125 0.02890625 0.107421875
People 0.609375 0.447265625 0.0265625 0.099609375
People 0.49765625 0.4375 0.01171875 0.052734375
People 0.48046875 0.42578125 0.01171875 0.041015625
People 0.521875 0.43359375 0.0140625 0.052734375
