Cars 0.09921875 0.494140625 0.09609375 0.08984375
Cars 0.353125 0.533203125 0.1125 0.107421875
Bicycles 0.72265625 0.572265625 0.01796875 0.0625
People 0.728125 0.5048828125 0.0328125 0.1201171875
People 0.8109375 0.478515625 0.0140625 0.0703125
People 0.85625 0.4814453125 0.021875 0.0732421875
People 0.928125 0.484375 0.0265625 0.078125
People 0.984375 0.47265625 0.0140625 0.0859375
Cars 0.20546875 0.4833984375 0.02265625 0.0205078125
Cars 0.8921875 0.4619140625 0.0265625 0.0380859375
People 0.52734375 0.474609375 0.01015625 0.03125
