Bicycles 0.9484375 0.5673828125 0.0453125 0.0498046875
People 0.559375 0.458984375 0.0109375 0.037109375
People 0.7078125 0.462890625 0.0140625 0.048828125
People 0.7453125 0.4716796875 0.0171875 0.0361328125
People 0.34921875 0.46484375 0.01640625 0.03125
People 0.28515625 0.46484375 0.01484375 0.03515625
People 0.26640625 0.4619140625 0.01484375 0.0380859375
People 0.1828125 0.4599609375 0.0140625 0.0341796875
Cars 0.5734375 0.4521484375 0.0140625 0.0205078125
Cars 0.534375 0.4404296875 0.0140625 0.0185546875
Bicycles 0.846875 0.6171875 0.0953125 0.076171875
People 0.1234375 0.44921875 0.009375 0.015625
Bicycles 0.72734375 0.505859375 0.01171875 0.015625
Bicycles 0.76484375 0.498046875 0.01171875 0.017578125
Bicycles 0.15234375 0.498046875 0.03359375 0.021484375
People 0.15625 0.4677734375 0.0125 0.0283203125
