Cars 0.4921875 0.47265625 0.034375 0.037109375
People 0.95078125 0.39453125 0.01796875 0.029296875
People 0.93125 0.400390625 0.0140625 0.021484375
People 0.88515625 0.400390625 0.01484375 0.0234375
People 0.8125 0.4130859375 0.0125 0.0166015625
People 0.77734375 0.4208984375 0.01171875 0.0126953125
People 0.2 0.416015625 0.0109375 0.013671875
People 0.18515625 0.41796875 0.01015625 0.01171875
People 0.16171875 0.41796875 0.01015625 0.01171875
People 0.1359375 0.419921875 0.009375 0.015625
People 0.11640625 0.4150390625 0.01171875 0.0126953125
