Cars 0.42265625 0.505859375 0.02109375 0.01953125
Cars 0.52734375 0.4912109375 0.01171875 0.0126953125
Cars 0.5703125 0.5087890625 0.028125 0.0322265625
Bicycles 0.91875 0.60546875 0.0359375 0.076171875
People 0.9328125 0.4951171875 0.0109375 0.0302734375
People 0.90625 0.4912109375 0.015625 0.0341796875
People 0.87734375 0.490234375 0.01328125 0.025390625
People 0.159375 0.4892578125 0.0125 0.0263671875
People 0.19921875 0.4931640625 0.01015625 0.0224609375
People 0.71875 0.4873046875 0.0125 0.0205078125
People 0.68046875 0.49609375 0.01015625 0.0234375
People 0.79140625 0.48046875 0.01171875 0.021484375
People 0.24140625 0.5 0.01171875 0.029296875
