Dogs 0.7796875 0.599609375 0.0515625 0.06640625
People 0.9203125 0.544921875 0.0578125 0.12890625
People 0.8453125 0.404296875 0.028125 0.041015625
People 0.703125 0.49609375 0.0203125 0.06640625
People 0.753125 0.4873046875 0.0234375 0.0498046875
People 0.79375 0.5009765625 0.025 0.0576171875
People 0.6328125 0.4912109375 0.0328125 0.0966796875
People 0.58125 0.486328125 0.0234375 0.04296875
People 0.465625 0.466796875 0.0234375 0.08203125
People 0.05 0.5244140625 0.05 0.1728515625
Cars 0.29453125 0.4794921875 0.07421875 0.0888671875
People 0.4078125 0.455078125 0.0140625 0.037109375
Cars 0.38046875 0.453125 0.01484375 0.01953125
People 0.50703125 0.4716796875 0.01796875 0.0283203125
People 0.521875 0.4287109375 0.0140625 0.0283203125
People 0.77578125 0.4130859375 0.02265625 0.0283203125
