Cars 0.08671875 0.6005859375 0.08671875 0.0908203125
Cars 0.1921875 0.5400390625 0.075 0.0771484375
Cars 0.29453125 0.5078125 0.04609375 0.0390625
People 0.34609375 0.4892578125 0.01328125 0.0458984375
Cars 0.4125 0.4638671875 0.021875 0.0224609375
Cars 0.57421875 0.470703125 0.02109375 0.0234375
Cars 0.61640625 0.4912109375 0.04296875 0.0458984375
Cars 0.71328125 0.56640625 0.08984375 0.076171875
People 0.759375 0.47265625 0.0203125 0.041015625
Cars 0.91171875 0.8193359375 0.08359375 0.1748046875
Dogs 0.81796875 0.5390625 0.01484375 0.0234375
Cars 0.4421875 0.4501953125 0.0125 0.0146484375
Cars 0.553125 0.4541015625 0.01875 0.0205078125
Cars 0.4890625 0.4462890625 0.0125 0.0146484375
People 0.51171875 0.447265625 0.00703125 0.015625
People 0.47109375 0.4462890625 0.00703125 0.0146484375
