Cars 0.34375 0.4677734375 0.05625 0.0302734375
Cars 0.57734375 0.4775390625 0.03046875 0.0341796875
Cars 0.5453125 0.46875 0.01875 0.025390625
People 0.63046875 0.4697265625 0.01171875 0.0439453125
People 0.61171875 0.4892578125 0.02734375 0.0634765625
People 0.7125 0.6357421875 0.0921875 0.2705078125
People 0.8546875 0.44140625 0.0109375 0.0234375
People 0.98359375 0.451171875 0.01171875 0.025390625
People 0.4625 0.4482421875 0.009375 0.0205078125
People 0.06171875 0.439453125 0.01171875 0.015625
People 0.04140625 0.4384765625 0.01328125 0.0146484375
People 0.4515625 0.451171875 0.009375 0.01953125
People 0.08125 0.4384765625 0.0109375 0.0166015625
Cars 0.51875 0.453125 0.0125 0.013671875
