People 0.83671875 0.4599609375 0.01328125 0.0302734375
People 0.715625 0.4638671875 0.0109375 0.0283203125
People 0.265625 0.451171875 0.0140625 0.033203125
Cars 0.2296875 0.4990234375 0.01875 0.0537109375
Cars 0.2015625 0.466796875 0.0140625 0.01953125
Cars 0.1828125 0.4755859375 0.0140625 0.0205078125
Cars 0.15390625 0.4765625 0.02734375 0.017578125
Cars 0.065625 0.494140625 0.065625 0.0703125
Cars 0.28984375 0.4541015625 0.00859375 0.0107421875
Cars 0.43359375 0.5556640625 0.18359375 0.1591796875
