People 0.77109375 0.47265625 0.01328125 0.046875
People 0.73515625 0.4765625 0.01171875 0.046875
People 0.70859375 0.4677734375 0.00546875 0.0263671875
People 0.69453125 0.4677734375 0.01171875 0.0322265625
People 0.64296875 0.4638671875 0.01171875 0.0341796875
People 0.61796875 0.46484375 0.00546875 0.01953125
People 0.60703125 0.4658203125 0.00546875 0.0224609375
People 0.590625 0.46484375 0.00625 0.0234375
Cars 0.4265625 0.4755859375 0.0359375 0.0419921875
Cars 0.38828125 0.4677734375 0.01015625 0.0126953125
Cars 0.3765625 0.4697265625 0.009375 0.0146484375
Cars 0.3578125 0.4697265625 0.0109375 0.0146484375
Cars 0.334375 0.4716796875 0.021875 0.0224609375
People 0.203125 0.4716796875 0.009375 0.0146484375
Cars 0.1140625 0.5244140625 0.1 0.0771484375
