Cars 0.14921875 0.5224609375 0.11015625 0.0908203125
Cars 0.34296875 0.4912109375 0.03359375 0.0322265625
Cars 0.42109375 0.4951171875 0.02265625 0.0205078125
People 0.9578125 0.5498046875 0.0390625 0.1982421875
People 0.87265625 0.4501953125 0.02734375 0.0380859375
People 0.70703125 0.498046875 0.01796875 0.052734375
People 0.659375 0.490234375 0.01875 0.0546875
People 0.61796875 0.4921875 0.01796875 0.052734375
People 0.59140625 0.490234375 0.01328125 0.052734375
People 0.57109375 0.486328125 0.01796875 0.052734375
People 0.54765625 0.482421875 0.01484375 0.0546875
Bicycles 0.74140625 0.525390625 0.01484375 0.033203125
People 0.52421875 0.4912109375 0.01171875 0.0322265625
People 0.49921875 0.4921875 0.01015625 0.025390625
People 0.47890625 0.490234375 0.01015625 0.0234375
People 0.4640625 0.490234375 0.0109375 0.0234375
Cars 0.3890625 0.4931640625 0.0125 0.0146484375
