Cars 0.090625 0.572265625 0.090625 0.146484375
Cars 0.16640625 0.5185546875 0.10234375 0.0947265625
Cars 0.3203125 0.4951171875 0.0328125 0.0400390625
Cars 0.26796875 0.4951171875 0.04453125 0.0693359375
Cars 0.33125 0.4755859375 0.0375 0.0458984375
Cars 0.44453125 0.4775390625 0.03515625 0.0361328125
Cars 0.62421875 0.4912109375 0.03984375 0.0361328125
Cars 0.9578125 0.5126953125 0.040625 0.1494140625
Cars 0.76875 0.560546875 0.1546875 0.1171875
Cars 0.5796875 0.4921875 0.0140625 0.02734375
Cars 0.403125 0.4638671875 0.0109375 0.0146484375
Cars 0.5140625 0.4775390625 0.015625 0.0205078125
Cars 0.54375 0.482421875 0.0203125 0.021484375
Cars 0.5546875 0.48828125 0.015625 0.021484375
