People 0.63671875 0.4609375 0.01484375 0.04296875
People 0.9359375 0.5068359375 0.0359375 0.1279296875
People 0.978125 0.4892578125 0.01875 0.1201171875
Cars 0.81171875 0.46484375 0.02890625 0.03515625
Cars 0.878125 0.470703125 0.028125 0.04296875
Cars 0.50625 0.5146484375 0.0671875 0.0654296875
Cars 0.7296875 0.4580078125 0.0171875 0.0322265625
Cars 0.246875 0.486328125 0.0296875 0.025390625
People 0.1265625 0.48828125 0.0109375 0.015625
People 0.11015625 0.4951171875 0.01484375 0.0283203125
Cars 0.45234375 0.4658203125 0.01796875 0.0126953125
People 0.60546875 0.4599609375 0.01015625 0.0283203125
People 0.58671875 0.4619140625 0.01015625 0.0283203125
