People 0.05390625 0.5244140625 0.04140625 0.0986328125
Cars 0.0171875 0.5302734375 0.0171875 0.0673828125
Cars 0.1203125 0.5185546875 0.0421875 0.0419921875
Cars 0.18828125 0.5107421875 0.02421875 0.0302734375
Cars 0.23828125 0.5009765625 0.03203125 0.0263671875
Cars 0.2921875 0.4873046875 0.0203125 0.0224609375
People 0.18125 0.47265625 0.0109375 0.009765625
People 0.47421875 0.482421875 0.01171875 0.033203125
People 0.44609375 0.482421875 0.00703125 0.021484375
People 0.365625 0.4755859375 0.009375 0.0302734375
