Cars 0.09375 0.5615234375 0.09375 0.0966796875
Cars 0.2078125 0.5400390625 0.04375 0.0537109375
Cars 0.25234375 0.5078125 0.04609375 0.046875
Cars 0.31796875 0.4912109375 0.01796875 0.0263671875
Cars 0.71796875 0.466796875 0.03828125 0.037109375
People 0.54453125 0.447265625 0.01171875 0.0234375
People 0.51328125 0.4609375 0.01171875 0.029296875
People 0.34609375 0.47265625 0.01171875 0.037109375
Cars 0.7296875 0.4453125 0.0578125 0.041015625
Cars 0.83515625 0.4765625 0.06484375 0.046875
Cars 0.940625 0.564453125 0.0578125 0.0859375
Cars 0.9484375 0.462890625 0.03125 0.044921875
Cars 0.37265625 0.46875 0.02265625 0.025390625
Cars 0.4 0.4609375 0.0125 0.017578125
Cars 0.65625 0.4541015625 0.015625 0.0224609375
People 0.57421875 0.453125 0.00859375 0.021484375
