Cars 0.97734375 0.4501953125 0.01796875 0.0537109375
Cars 0.95234375 0.4638671875 0.01328125 0.0224609375
Cars 0.925 0.4638671875 0.015625 0.0283203125
People 0.8984375 0.46875 0.015625 0.052734375
Cars 0.87578125 0.4609375 0.01171875 0.025390625
Cars 0.8359375 0.466796875 0.0265625 0.02734375
Cars 0.76953125 0.45703125 0.03515625 0.03125
People 0.7265625 0.4580078125 0.009375 0.0224609375
People 0.6703125 0.447265625 0.0109375 0.03125
People 0.65390625 0.4609375 0.01015625 0.0390625
People 0.63984375 0.4404296875 0.01015625 0.0263671875
People 0.6296875 0.4365234375 0.0109375 0.0205078125
People 0.61171875 0.43359375 0.01015625 0.021484375
People 0.596875 0.43359375 0.009375 0.0234375
People 0.5765625 0.431640625 0.009375 0.0234375
People 0.5640625 0.4404296875 0.009375 0.0166015625
People 0.55 0.4326171875 0.009375 0.0205078125
People 0.52734375 0.4453125 0.01015625 0.01953125
Cars 0.4671875 0.44921875 0.015625 0.015625
People 0.3265625 0.4560546875 0.00625 0.0126953125
People 0.315625 0.451171875 0.00625 0.015625
People 0.30625 0.453125 0.00625 0.01953125
People 0.29453125 0.4501953125 0.00546875 0.0205078125
People 0.28515625 0.451171875 0.00703125 0.021484375
Cars 0.240625 0.48828125 0.04375 0.041015625
Cars 0.08984375 0.53515625 0.08984375 0.10546875
