People 0.34609375 0.4912109375 0.02578125 0.0810546875
People 0.44453125 0.46875 0.01484375 0.033203125
People 0.46484375 0.4658203125 0.01171875 0.0361328125
People 0.646875 0.4697265625 0.015625 0.0673828125
People 0.67421875 0.474609375 0.01484375 0.0625
People 0.8953125 0.4931640625 0.0328125 0.1298828125
Cars 0.80859375 0.46484375 0.02890625 0.037109375
Cars 0.95078125 0.4912109375 0.04140625 0.0556640625
People 0.16953125 0.4814453125 0.01015625 0.0205078125
People 0.12890625 0.4873046875 0.01015625 0.0166015625
People 0.11171875 0.4912109375 0.01015625 0.0283203125
People 0.5515625 0.458984375 0.009375 0.0234375
People 0.59921875 0.45703125 0.01015625 0.0234375
Cars 0.7296875 0.4560546875 0.0203125 0.0283203125
People 0.375 0.4619140625 0.0046875 0.0146484375
People 0.3828125 0.4609375 0.00625 0.015625
Cars 0.95390625 0.4111328125 0.03828125 0.0283203125
