People 0.79375 0.5166015625 0.01875 0.0615234375
People 0.7640625 0.5146484375 0.00625 0.0458984375
Cars 0.88046875 0.55078125 0.05859375 0.052734375
Cars 0.503125 0.525390625 0.028125 0.05078125
Cars 0.5390625 0.5263671875 0.0265625 0.0361328125
Cars 0.5921875 0.517578125 0.025 0.02734375
Cars 0.41171875 0.525390625 0.07734375 0.0625
Cars 0.63984375 0.513671875 0.01484375 0.015625
Cars 0.66015625 0.5087890625 0.01328125 0.0166015625
People 0.63515625 0.490234375 0.00703125 0.0078125
Cars 0.61875 0.5126953125 0.0125 0.0224609375
Cars 0.68359375 0.5009765625 0.01015625 0.0126953125
People 0.75390625 0.5185546875 0.01015625 0.0439453125
