Cars 0.05703125 0.525390625 0.05546875 0.08203125
Cars 0.16640625 0.5107421875 0.05078125 0.0439453125
Cars 0.2265625 0.5 0.028125 0.033203125
Cars 0.5109375 0.4765625 0.0234375 0.033203125
Cars 0.559375 0.48828125 0.04375 0.052734375
Cars 0.63125 0.517578125 0.0734375 0.068359375
Cars 0.83359375 0.544921875 0.16484375 0.150390625
Cars 0.4484375 0.47265625 0.0140625 0.013671875
Cars 0.33671875 0.470703125 0.01484375 0.013671875
Cars 0.24765625 0.486328125 0.02734375 0.03515625
Cars 0.275 0.4853515625 0.0140625 0.0283203125
Cars 0.4859375 0.4775390625 0.0140625 0.0302734375
Cars 0.3859375 0.47265625 0.0140625 0.01171875
