Cars 0.83125 0.4716796875 0.04375 0.0263671875
Cars 0.9046875 0.46484375 0.0359375 0.021484375
Cars 0.4609375 0.4794921875 0.0484375 0.0302734375
Cars 0.23984375 0.517578125 0.09296875 0.0625
Cars 0.075 0.533203125 0.0734375 0.0703125
People 0.6546875 0.470703125 0.0109375 0.03515625
People 0.70234375 0.4638671875 0.01328125 0.0341796875
People 0.73203125 0.46484375 0.01328125 0.03125
People 0.40625 0.490234375 0.0109375 0.044921875
People 0.38515625 0.48828125 0.01640625 0.048828125
People 0.35859375 0.482421875 0.01328125 0.046875
People 0.33828125 0.4833984375 0.01171875 0.0498046875
People 0.309375 0.45703125 0.009375 0.021484375
People 0.28984375 0.4541015625 0.01328125 0.0205078125
People 0.03984375 0.451171875 0.01171875 0.01953125
People 0.9484375 0.45703125 0.009375 0.025390625
People 0.959375 0.45703125 0.009375 0.0234375
People 0.86875 0.4462890625 0.009375 0.0146484375
