Bicycles 0.39140625 0.5888671875 0.08359375 0.0556640625
Cars 0.2 0.4951171875 0.046875 0.0400390625
Cars 0.2515625 0.490234375 0.0203125 0.033203125
Cars 0.28125 0.4794921875 0.0328125 0.0341796875
Cars 0.3140625 0.47265625 0.025 0.03125
Cars 0.61015625 0.4873046875 0.03984375 0.0361328125
Cars 0.57265625 0.4833984375 0.01171875 0.0283203125
Cars 0.5578125 0.482421875 0.015625 0.029296875
Cars 0.54375 0.470703125 0.015625 0.03125
Cars 0.5203125 0.4765625 0.0109375 0.01953125
Cars 0.50625 0.4697265625 0.009375 0.0146484375
Cars 0.48125 0.46484375 0.015625 0.013671875
People 0.42578125 0.4609375 0.03671875 0.080078125
Cars 0.3390625 0.47265625 0.009375 0.029296875
Cars 0.37734375 0.4755859375 0.01171875 0.0107421875
Cars 0.3953125 0.470703125 0.0078125 0.01171875
Cars 0.40625 0.466796875 0.00625 0.009765625
