Cars 0.08984375 0.65234375 0.08984375 0.1015625
Cars 0.46484375 0.587890625 0.03671875 0.0390625
Cars 0.5296875 0.5400390625 0.0203125 0.0185546875
Cars 0.69375 0.587890625 0.0453125 0.056640625
Cars 0.69921875 0.603515625 0.03671875 0.056640625
Cars 0.7515625 0.6357421875 0.0796875 0.0849609375
Cars 0.865625 0.724609375 0.1328125 0.177734375
Cars 0.94296875 0.8603515625 0.05546875 0.1376953125
Cars 0.59140625 0.513671875 0.01171875 0.01171875
Cars 0.37109375 0.5849609375 0.05859375 0.0537109375
