People 0.66796875 0.494140625 0.01640625 0.0390625
People 0.63828125 0.4921875 0.01640625 0.037109375
Cars 0.86015625 0.6630859375 0.13828125 0.2373046875
Cars 0.08828125 0.4853515625 0.03515625 0.0458984375
Cars 0.3 0.4697265625 0.0171875 0.0205078125
People 0.43046875 0.4580078125 0.01015625 0.0185546875
People 0.43828125 0.4677734375 0.01015625 0.0205078125
People 0.3984375 0.4755859375 0.0109375 0.0283203125
People 0.34375 0.4833984375 0.0125 0.0263671875
People 0.31640625 0.4697265625 0.01015625 0.0283203125
Cars 0.0296875 0.4814453125 0.025 0.0634765625
Cars 0.56796875 0.48046875 0.03515625 0.01953125
