People 0.99140625 0.4521484375 0.00703125 0.0537109375
People 0.9625 0.4521484375 0.015625 0.0537109375
People 0.8921875 0.458984375 0.0171875 0.052734375
People 0.68046875 0.4462890625 0.01015625 0.0380859375
People 0.64609375 0.4375 0.00703125 0.021484375
Cars 0.5984375 0.4599609375 0.0484375 0.0517578125
Cars 0.53515625 0.44921875 0.01796875 0.01953125
Cars 0.46875 0.4462890625 0.0140625 0.0146484375
Cars 0.415625 0.4404296875 0.0109375 0.0126953125
Cars 0.3671875 0.4482421875 0.0296875 0.0302734375
Cars 0.2234375 0.4931640625 0.0921875 0.0771484375
Cars 0.01484375 0.5068359375 0.01484375 0.0537109375
