Cars 0.80859375 0.462890625 0.02734375 0.0390625
Cars 0.9234375 0.4521484375 0.0734375 0.0732421875
Cars 0.9515625 0.4892578125 0.046875 0.0595703125
People 0.653125 0.46875 0.015625 0.060546875
People 0.63046875 0.48046875 0.01171875 0.05078125
People 0.1671875 0.4853515625 0.0109375 0.0283203125
Cars 0.7265625 0.4580078125 0.0171875 0.0263671875
People 0.6109375 0.4599609375 0.0078125 0.0283203125
People 0.59140625 0.4560546875 0.01015625 0.0263671875
People 0.37890625 0.4619140625 0.00703125 0.0126953125
People 0.128125 0.4912109375 0.009375 0.0146484375
People 0.11328125 0.4921875 0.01015625 0.02734375
