People 0.92890625 0.52734375 0.01796875 0.06640625
People 0.909375 0.5146484375 0.009375 0.0595703125
People 0.8984375 0.5234375 0.0109375 0.0625
People 0.86875 0.521484375 0.015625 0.064453125
People 0.84296875 0.5224609375 0.01171875 0.0615234375
People 0.80859375 0.5185546875 0.01015625 0.0439453125
People 0.78203125 0.521484375 0.01015625 0.0546875
People 0.7609375 0.521484375 0.0109375 0.044921875
People 0.74453125 0.517578125 0.01015625 0.0390625
People 0.725 0.525390625 0.009375 0.048828125
People 0.7109375 0.5126953125 0.00625 0.0341796875
People 0.7 0.509765625 0.00625 0.033203125
People 0.665625 0.49609375 0.00625 0.03125
People 0.65625 0.48828125 0.0046875 0.025390625
People 0.64921875 0.48828125 0.00546875 0.025390625
People 0.58984375 0.486328125 0.00703125 0.025390625
People 0.56875 0.4638671875 0.0046875 0.0146484375
People 0.63359375 0.494140625 0.00859375 0.029296875
People 0.97578125 0.5205078125 0.01953125 0.0732421875
Cars 0.3859375 0.46875 0.015625 0.015625
People 0.38671875 0.4814453125 0.00546875 0.0146484375
People 0.37734375 0.4873046875 0.00546875 0.0205078125
Cars 0.45546875 0.466796875 0.03671875 0.01171875
Cars 0.4046875 0.54296875 0.0359375 0.05859375
Cars 0.35703125 0.4951171875 0.01328125 0.0263671875
Cars 0.33359375 0.4912109375 0.01015625 0.0205078125
Cars 0.31015625 0.498046875 0.02109375 0.025390625
Cars 0.496875 0.5537109375 0.078125 0.0771484375
People 0.228125 0.4912109375 0.00625 0.0263671875
People 0.209375 0.494140625 0.0078125 0.02734375
People 0.18671875 0.49609375 0.00703125 0.029296875
People 0.14296875 0.4873046875 0.00859375 0.0185546875
People 0.13515625 0.486328125 0.00703125 0.015625
People 0.1046875 0.537109375 0.0140625 0.037109375
Cars 0.071875 0.5205078125 0.0515625 0.0400390625
People 0.53515625 0.4619140625 0.00703125 0.0146484375
People 0.8 0.458984375 0.00625 0.017578125
People 0.73828125 0.4619140625 0.00546875 0.0146484375
People 0.67890625 0.48828125 0.00859375 0.03125
People 0.55703125 0.46484375 0.00703125 0.013671875
Cars 0.40625 0.4609375 0.0109375 0.01171875
Cars 0.4375 0.44140625 0.0078125 0.009765625
