People 0.271875 0.4814453125 0.0171875 0.0380859375
Cars 0.31171875 0.4541015625 0.01640625 0.0185546875
Cars 0.34921875 0.4599609375 0.01484375 0.0146484375
Cars 0.378125 0.455078125 0.0140625 0.01953125
Cars 0.40390625 0.4599609375 0.01484375 0.0146484375
Cars 0.4421875 0.4677734375 0.0171875 0.0146484375
People 0.575 0.4921875 0.021875 0.0546875
People 0.67734375 0.486328125 0.01171875 0.056640625
People 0.7703125 0.498046875 0.0265625 0.05859375
Cars 0.1109375 0.443359375 0.0328125 0.01953125
