People 0.1859375 0.5546875 0.0296875 0.083984375
People 0.43984375 0.455078125 0.01015625 0.025390625
People 0.48828125 0.453125 0.01171875 0.03125
People 0.5296875 0.458984375 0.0171875 0.02734375
Cars 0.8515625 0.6455078125 0.1453125 0.1240234375
Cars 0.7203125 0.564453125 0.078125 0.0703125
Cars 0.6828125 0.5126953125 0.059375 0.0595703125
Cars 0.6140625 0.4736328125 0.0390625 0.0458984375
Cars 0.3609375 0.4716796875 0.01875 0.0263671875
Cars 0.32734375 0.486328125 0.03671875 0.033203125
Cars 0.24296875 0.5283203125 0.04296875 0.0576171875
Cars 0.115625 0.4716796875 0.053125 0.0361328125
Cars 0.07734375 0.603515625 0.07578125 0.14453125
Cars 0.38359375 0.462890625 0.01328125 0.0234375
Cars 0.39140625 0.453125 0.01796875 0.02734375
Cars 0.415625 0.451171875 0.0109375 0.017578125
Bicycles 0.18359375 0.6240234375 0.02734375 0.0732421875
