People 0.84765625 0.6845703125 0.05234375 0.1474609375
People 0.6421875 0.560546875 0.0296875 0.1015625
Bicycles 0.64375 0.62890625 0.0125 0.0546875
Cars 0.97734375 0.5380859375 0.02109375 0.0654296875
Cars 0.7390625 0.53125 0.0609375 0.052734375
Cars 0.8125 0.4873046875 0.0328125 0.0322265625
Cars 0.6046875 0.49609375 0.028125 0.03515625
Cars 0.09296875 0.6328125 0.09296875 0.134765625
Cars 0.2203125 0.5615234375 0.0765625 0.0927734375
Cars 0.31796875 0.5478515625 0.03671875 0.0576171875
Cars 0.34765625 0.5 0.04765625 0.06640625
Cars 0.4015625 0.4921875 0.0359375 0.044921875
Cars 0.45859375 0.4765625 0.02578125 0.033203125
People 0.52265625 0.45703125 0.00859375 0.029296875
People 0.50859375 0.4580078125 0.00859375 0.0263671875
People 0.49609375 0.45703125 0.00859375 0.025390625
Cars 0.734375 0.46484375 0.01875 0.021484375
Cars 0.853125 0.49609375 0.025 0.033203125
Cars 0.4359375 0.490234375 0.0171875 0.033203125
Cars 0.6765625 0.486328125 0.025 0.03125
