People 0.534375 0.498046875 0.0171875 0.060546875
People 0.6140625 0.505859375 0.0171875 0.0625
Cars 0.9703125 0.6943359375 0.0265625 0.0830078125
Cars 0.89921875 0.6181640625 0.09765625 0.0888671875
Cars 0.7828125 0.5576171875 0.065625 0.0595703125
Cars 0.71953125 0.5283203125 0.05234375 0.0419921875
Cars 0.38125 0.5048828125 0.0359375 0.0439453125
Cars 0.340625 0.5263671875 0.0390625 0.0615234375
Cars 0.17890625 0.5849609375 0.13828125 0.1298828125
Cars 0.05859375 0.69921875 0.05859375 0.140625
Cars 0.46640625 0.455078125 0.01640625 0.01953125
People 0.43203125 0.4501953125 0.01015625 0.0185546875
People 0.415625 0.4404296875 0.009375 0.0146484375
People 0.4046875 0.4404296875 0.009375 0.0126953125
Cars 0.4078125 0.4912109375 0.0203125 0.0361328125
Cars 0.425 0.48046875 0.0171875 0.03125
Cars 0.93515625 0.5 0.05078125 0.033203125
Cars 0.67734375 0.4990234375 0.03515625 0.0361328125
