Cars 0.47109375 0.4677734375 0.06796875 0.0810546875
Cars 0.9765625 0.490234375 0.021875 0.03125
Cars 0.65703125 0.486328125 0.03671875 0.025390625
Cars 0.1453125 0.4794921875 0.0375 0.0400390625
Cars 0.55078125 0.484375 0.01171875 0.025390625
Cars 0.33203125 0.4716796875 0.01015625 0.0107421875
People 0.19453125 0.4814453125 0.01015625 0.0341796875
Cars 0.09453125 0.4892578125 0.01484375 0.0205078125
Cars 0.2671875 0.470703125 0.0078125 0.009765625
Cars 0.2390625 0.4775390625 0.0078125 0.0087890625
People 0.69609375 0.478515625 0.00703125 0.029296875
Cars 0.02109375 0.4912109375 0.02109375 0.0224609375
