Cars 0.20234375 0.498046875 0.08984375 0.08203125
Cars 0.38671875 0.4599609375 0.01171875 0.0146484375
Cars 0.403125 0.455078125 0.0109375 0.01171875
Cars 0.4515625 0.45703125 0.0109375 0.013671875
Cars 0.48984375 0.4580078125 0.01484375 0.0185546875
Cars 0.57890625 0.4873046875 0.04921875 0.0439453125
People 0.9734375 0.4365234375 0.0203125 0.0263671875
People 0.9140625 0.435546875 0.0109375 0.0234375
People 0.89921875 0.4560546875 0.01640625 0.0205078125
People 0.8328125 0.4619140625 0.0125 0.0517578125
People 0.01015625 0.4609375 0.01015625 0.03125
Cars 0.29921875 0.4619140625 0.01640625 0.0224609375
