People 0.60625 0.4296875 0.00625 0.017578125
People 0.5953125 0.4326171875 0.0046875 0.0185546875
People 0.5765625 0.43359375 0.00625 0.01953125
People 0.4703125 0.4423828125 0.0078125 0.0205078125
People 0.45078125 0.4365234375 0.00703125 0.0224609375
People 0.40859375 0.44140625 0.00703125 0.021484375
People 0.2453125 0.4365234375 0.00625 0.0224609375
People 0.225 0.431640625 0.00625 0.015625
People 0.215625 0.43359375 0.00625 0.017578125
People 0.2015625 0.4365234375 0.00625 0.0185546875
People 0.18828125 0.4384765625 0.00703125 0.0224609375
People 0.153125 0.4287109375 0.00625 0.0185546875
People 0.140625 0.4404296875 0.0078125 0.0302734375
People 0.12421875 0.44140625 0.00859375 0.041015625
People 0.11015625 0.439453125 0.00703125 0.03515625
People 0.0734375 0.4248046875 0.0078125 0.0205078125
People 0.0265625 0.427734375 0.0125 0.015625
