Bicycles 0.3875 0.7099609375 0.0171875 0.0771484375
People 0.634375 0.587890625 0.0375 0.12890625
People 0.39375 0.615234375 0.046875 0.126953125
Cars 0.0890625 0.6142578125 0.0875 0.1044921875
Cars 0.3140625 0.5048828125 0.04375 0.0361328125
Cars 0.375 0.4765625 0.0265625 0.029296875
Cars 0.46484375 0.4560546875 0.01796875 0.0185546875
Cars 0.67421875 0.5263671875 0.02734375 0.0478515625
Cars 0.8421875 0.646484375 0.140625 0.1171875
Cars 0.89609375 0.4775390625 0.07109375 0.0302734375
Cars 0.915625 0.765625 0.08125 0.169921875
Cars 0.57265625 0.4697265625 0.02578125 0.0283203125
Cars 0.04140625 0.4765625 0.04140625 0.033203125
Cars 0.2609375 0.490234375 0.0546875 0.033203125
Cars 0.41171875 0.4658203125 0.01640625 0.0205078125
Cars 0.421875 0.4599609375 0.015625 0.0205078125
Cars 0.61328125 0.4951171875 0.04609375 0.0458984375
Cars 0.72734375 0.4794921875 0.06328125 0.0322265625
Cars 0.8578125 0.4677734375 0.0609375 0.0380859375
