Cars 0.0921875 0.599609375 0.0875 0.083984375
Cars 0.21171875 0.5380859375 0.06640625 0.0673828125
Cars 0.2921875 0.5009765625 0.053125 0.0654296875
Cars 0.6171875 0.490234375 0.028125 0.033203125
Cars 0.65546875 0.5078125 0.03671875 0.0546875
Cars 0.72890625 0.5498046875 0.09921875 0.0966796875
Cars 0.92109375 0.740234375 0.07734375 0.166015625
Cars 0.5171875 0.4541015625 0.021875 0.0166015625
People 0.58046875 0.474609375 0.01015625 0.041015625
People 0.56640625 0.4765625 0.01171875 0.0390625
People 0.553125 0.4755859375 0.0125 0.0380859375
Cars 0.4015625 0.46875 0.0203125 0.029296875
Cars 0.34765625 0.50390625 0.01484375 0.0390625
Cars 0.3796875 0.4765625 0.0140625 0.029296875
Cars 0.3671875 0.4873046875 0.0140625 0.0322265625
Cars 0.35703125 0.4912109375 0.01328125 0.0361328125
Cars 0.05625 0.458984375 0.0359375 0.01953125
Cars 0.4421875 0.4482421875 0.0125 0.0166015625
