People 0.44765625 0.4580078125 0.01015625 0.0302734375
People 0.5921875 0.451171875 0.0078125 0.025390625
People 0.62265625 0.4501953125 0.01015625 0.0263671875
Cars 0.49609375 0.458984375 0.01484375 0.021484375
Cars 0.05625 0.52734375 0.05625 0.091796875
Cars 0.13671875 0.4814453125 0.05546875 0.0361328125
Cars 0.225 0.4794921875 0.0484375 0.0361328125
Cars 0.3109375 0.4736328125 0.0515625 0.0283203125
Cars 0.39921875 0.470703125 0.04296875 0.02734375
People 0.22734375 0.4384765625 0.01015625 0.0126953125
People 0.409375 0.439453125 0.0109375 0.01171875
People 0.46484375 0.4638671875 0.01171875 0.0283203125
People 0.4796875 0.462890625 0.0109375 0.029296875
People 0.30625 0.4375 0.009375 0.01171875
