Cars 0.9625 0.708984375 0.0359375 0.154296875
Cars 0.3421875 0.474609375 0.0375 0.037109375
Cars 0.4375 0.48046875 0.0453125 0.037109375
Cars 0.46015625 0.4677734375 0.03203125 0.0400390625
Cars 0.490625 0.45703125 0.01875 0.033203125
People 0.20859375 0.46875 0.01484375 0.037109375
Bicycles 0.9640625 0.4765625 0.009375 0.02734375
People 0.70234375 0.462890625 0.01015625 0.021484375
People 0.715625 0.4462890625 0.0078125 0.0185546875
People 0.2953125 0.462890625 0.009375 0.0234375
People 0.775 0.4443359375 0.0078125 0.0185546875
People 0.640625 0.4638671875 0.0109375 0.0302734375
People 0.6171875 0.4560546875 0.0109375 0.0283203125
People 0.16875 0.439453125 0.009375 0.021484375
Cars 0.38828125 0.474609375 0.01015625 0.025390625
