Cars 0.09609375 0.53515625 0.09140625 0.10546875
Cars 0.21875 0.5 0.059375 0.076171875
Cars 0.30390625 0.455078125 0.03828125 0.029296875
People 0.31640625 0.45703125 0.01171875 0.029296875
Cars 0.36484375 0.462890625 0.03671875 0.0390625
Cars 0.4140625 0.4599609375 0.0203125 0.0263671875
Cars 0.68828125 0.48046875 0.02890625 0.037109375
Cars 0.846875 0.4921875 0.05 0.044921875
Cars 0.95859375 0.5048828125 0.03984375 0.0615234375
People 0.62890625 0.4580078125 0.00859375 0.0244140625
People 0.75859375 0.53515625 0.02734375 0.107421875
People 0.909375 0.6025390625 0.04375 0.1591796875
Cars 0.57265625 0.455078125 0.01796875 0.021484375
Cars 0.43125 0.4541015625 0.009375 0.0205078125
Cars 0.43125 0.4482421875 0.0140625 0.0263671875
Cars 0.47109375 0.443359375 0.01171875 0.015625
Cars 0.5375 0.443359375 0.009375 0.01171875
Cars 0.65 0.4609375 0.0171875 0.017578125
People 0.340625 0.435546875 0.009375 0.01953125
