Bicycles 0.9234375 0.630859375 0.0515625 0.060546875
Cars 0.98828125 0.5947265625 0.01015625 0.0673828125
Cars 0.8203125 0.5361328125 0.0796875 0.0732421875
Bicycles 0.7171875 0.568359375 0.0234375 0.037109375
Bicycles 0.484375 0.498046875 0.009375 0.01953125
Bicycles 0.446875 0.4970703125 0.009375 0.0205078125
Cars 0.61875 0.5009765625 0.0546875 0.0439453125
Cars 0.565625 0.4912109375 0.028125 0.0341796875
Cars 0.5296875 0.486328125 0.0265625 0.03125
People 0.1734375 0.4619140625 0.0125 0.0302734375
People 0.271875 0.451171875 0.00625 0.01953125
People 0.759375 0.46875 0.0140625 0.03125
People 0.92890625 0.5263671875 0.05390625 0.1083984375
People 0.7125 0.5 0.028125 0.076171875
People 0.484375 0.4560546875 0.009375 0.0283203125
Cars 0.46875 0.47265625 0.0109375 0.015625
People 0.44609375 0.45703125 0.01171875 0.021484375
People 0.3859375 0.45703125 0.009375 0.013671875
Bicycles 0.38359375 0.4775390625 0.00703125 0.0126953125
Cars 0.346875 0.4580078125 0.009375 0.0087890625
People 0.3265625 0.458984375 0.0046875 0.015625
Cars 0.30859375 0.46484375 0.01328125 0.01171875
People 0.2921875 0.462890625 0.00625 0.021484375
People 0.2828125 0.4541015625 0.0046875 0.0146484375
Bicycles 0.271875 0.478515625 0.00625 0.01171875
