Cars 0.1984375 0.4296875 0.059375 0.048828125
Cars 0.06875 0.412109375 0.0671875 0.01953125
Cars 0.45859375 0.4384765625 0.02890625 0.0302734375
Cars 0.50234375 0.431640625 0.02109375 0.0234375
Cars 0.5296875 0.4296875 0.021875 0.021484375
Cars 0.5671875 0.419921875 0.0203125 0.01953125
Cars 0.7234375 0.4345703125 0.0265625 0.0322265625
Cars 0.90625 0.4599609375 0.0296875 0.0537109375
Cars 0.85859375 0.451171875 0.03515625 0.037109375
Cars 0.9765625 0.4619140625 0.01875 0.0576171875
Bicycles 0.1875 0.6083984375 0.084375 0.0439453125
People 0.18828125 0.54296875 0.03984375 0.08203125
Cars 0.61328125 0.412109375 0.01171875 0.017578125
Cars 0.8640625 0.4326171875 0.05 0.0380859375
