Cars 0.3640625 0.48828125 0.05 0.041015625
Cars 0.2109375 0.6220703125 0.2109375 0.1533203125
People 0.6078125 0.46484375 0.0125 0.052734375
People 0.68046875 0.4599609375 0.01328125 0.0458984375
People 0.76328125 0.51171875 0.03515625 0.09375
People 0.82109375 0.4716796875 0.03046875 0.0947265625
People 0.90078125 0.6513671875 0.09765625 0.3076171875
People 0.54921875 0.4658203125 0.01015625 0.0185546875
People 0.5796875 0.455078125 0.0109375 0.0234375
People 0.653125 0.4677734375 0.0125 0.0439453125
People 0.63359375 0.45703125 0.01484375 0.044921875
Cars 0.9671875 0.4052734375 0.0296875 0.0302734375
