Cars 0.7828125 0.4267578125 0.0375 0.0419921875
Cars 0.0671875 0.4228515625 0.0671875 0.0458984375
People 0.0265625 0.4443359375 0.0234375 0.0673828125
People 0.0765625 0.455078125 0.021875 0.05078125
Bicycles 0.0265625 0.49609375 0.0265625 0.03125
Bicycles 0.07578125 0.4931640625 0.02265625 0.0263671875
Bicycles 0.18125 0.47265625 0.0234375 0.0234375
Bicycles 0.2859375 0.4755859375 0.021875 0.0185546875
People 0.18515625 0.447265625 0.01640625 0.041015625
People 0.278125 0.4423828125 0.0203125 0.0419921875
People 0.3359375 0.431640625 0.01875 0.03515625
People 0.3890625 0.43359375 0.0140625 0.029296875
Bicycles 0.334375 0.4658203125 0.01875 0.0166015625
