Bicycles 0.77578125 0.5859375 0.07890625 0.0625
People 0.77109375 0.453125 0.01171875 0.03515625
People 0.92890625 0.51953125 0.01484375 0.046875
People 0.940625 0.521484375 0.021875 0.05078125
People 0.18203125 0.515625 0.02265625 0.056640625
Bicycles 0.17109375 0.5537109375 0.01796875 0.0361328125
Cars 0.69609375 0.5263671875 0.06796875 0.0693359375
Cars 0.62578125 0.4990234375 0.03046875 0.0419921875
Cars 0.60234375 0.48046875 0.01796875 0.02734375
Cars 0.55390625 0.447265625 0.02109375 0.0234375
Cars 0.4828125 0.455078125 0.01875 0.021484375
Cars 0.37890625 0.47265625 0.03671875 0.037109375
Bicycles 0.9625 0.654296875 0.0171875 0.052734375
