People 0.6 0.5087890625 0.0484375 0.1044921875
People 0.30703125 0.4697265625 0.01796875 0.0380859375
People 0.26953125 0.482421875 0.02265625 0.048828125
People 0.21640625 0.4873046875 0.03359375 0.0849609375
People 0.19921875 0.4560546875 0.01640625 0.0341796875
Cars 0.1640625 0.48046875 0.0328125 0.044921875
Cars 0.54375 0.4765625 0.034375 0.0390625
Cars 0.0421875 0.4990234375 0.0421875 0.0576171875
Bicycles 0.9640625 0.6494140625 0.034375 0.0693359375
Bicycles 0.65078125 0.552734375 0.05234375 0.07421875
Bicycles 0.54296875 0.578125 0.03515625 0.046875
Bicycles 0.3046875 0.4990234375 0.0125 0.0283203125
Bicycles 0.26640625 0.51953125 0.01640625 0.03125
Bicycles 0.22109375 0.53515625 0.02890625 0.060546875
Cars 0.37421875 0.474609375 0.02421875 0.021484375
Cars 0.50859375 0.4814453125 0.01171875 0.0224609375
Cars 0.4984375 0.4765625 0.0140625 0.021484375
Cars 0.40390625 0.46875 0.01328125 0.015625
