People 0.4421875 0.462890625 0.009375 0.029296875
People 0.55546875 0.462890625 0.01328125 0.0390625
People 0.575 0.4697265625 0.015625 0.0439453125
Cars 0.07890625 0.5537109375 0.07734375 0.0986328125
Cars 0.2765625 0.486328125 0.0640625 0.0546875
Cars 0.34375 0.48828125 0.0203125 0.03515625
Cars 0.39453125 0.4736328125 0.02265625 0.0263671875
Cars 0.76875 0.5625 0.1078125 0.103515625
Cars 0.88984375 0.505859375 0.04296875 0.056640625
Cars 0.7921875 0.45703125 0.0609375 0.03125
Cars 0.50859375 0.45703125 0.02578125 0.0234375
Cars 0.603125 0.466796875 0.021875 0.033203125
Cars 0.65 0.484375 0.046875 0.046875
Cars 0.40859375 0.458984375 0.02421875 0.033203125
Cars 0.3640625 0.46875 0.0203125 0.03515625
