Cars 0.4171875 0.466796875 0.015625 0.01953125
Cars 0.253125 0.478515625 0.0328125 0.0390625
Cars 0.1875 0.48828125 0.0484375 0.046875
People 0.90234375 0.466796875 0.02109375 0.07421875
People 0.871875 0.4765625 0.01875 0.068359375
People 0.8171875 0.490234375 0.0171875 0.076171875
People 0.77578125 0.4755859375 0.01640625 0.0654296875
People 0.74296875 0.4765625 0.01484375 0.05859375
People 0.71953125 0.4892578125 0.02265625 0.0654296875
People 0.678125 0.48828125 0.01875 0.064453125
Cars 0.28984375 0.4736328125 0.01171875 0.0263671875
Cars 0.3640625 0.470703125 0.0140625 0.013671875
Cars 0.3796875 0.46875 0.0125 0.013671875
