Cars 0.33828125 0.486328125 0.06484375 0.078125
Bicycles 0.5234375 0.4990234375 0.01875 0.0341796875
People 0.57734375 0.509765625 0.04765625 0.138671875
People 0.66484375 0.4921875 0.01484375 0.0546875
People 0.7265625 0.5146484375 0.04375 0.0732421875
People 0.76875 0.4697265625 0.03125 0.0478515625
People 0.87578125 0.4619140625 0.02890625 0.0458984375
People 0.8625 0.5458984375 0.0546875 0.1064453125
People 0.9671875 0.5341796875 0.0296875 0.1083984375
People 0.4671875 0.466796875 0.0140625 0.037109375
Cars 0.4390625 0.4599609375 0.021875 0.0205078125
