Cars 0.575 0.4716796875 0.0328125 0.0322265625
People 0.53828125 0.45703125 0.01171875 0.03125
Cars 0.41953125 0.4716796875 0.03984375 0.0361328125
People 0.7453125 0.46484375 0.0171875 0.046875
People 0.85078125 0.4755859375 0.02890625 0.0615234375
People 0.04296875 0.43359375 0.01328125 0.015625
People 0.06328125 0.4296875 0.01171875 0.015625
People 0.08125 0.4326171875 0.0125 0.0146484375
Cars 0.5125 0.4482421875 0.009375 0.0126953125
People 0.984375 0.4453125 0.0109375 0.021484375
People 0.88359375 0.470703125 0.01796875 0.056640625
