Cars 0.97265625 0.4970703125 0.02578125 0.0830078125
Cars 0.73984375 0.48046875 0.04140625 0.037109375
Cars 0.671875 0.4697265625 0.04375 0.0341796875
Cars 0.50234375 0.4736328125 0.05078125 0.0322265625
Cars 0.43984375 0.4775390625 0.04765625 0.0341796875
Cars 0.3125 0.46484375 0.09375 0.046875
Cars 0.15859375 0.4599609375 0.03515625 0.0439453125
Cars 0.071875 0.4619140625 0.028125 0.0439453125
People 0.8203125 0.5517578125 0.0140625 0.0361328125
People 0.8546875 0.509765625 0.0171875 0.07421875
People 0.80234375 0.5029296875 0.01796875 0.0791015625
Cars 0.934375 0.4716796875 0.0296875 0.0361328125
