Cars 0.08359375 0.521484375 0.08046875 0.068359375
Cars 0.22734375 0.490234375 0.04296875 0.037109375
Cars 0.284375 0.484375 0.021875 0.025390625
Cars 0.4859375 0.4697265625 0.015625 0.0205078125
Cars 0.515625 0.4765625 0.0234375 0.033203125
Cars 0.5703125 0.4794921875 0.05 0.0615234375
Cars 0.63125 0.505859375 0.0671875 0.0625
Cars 0.81328125 0.55078125 0.14765625 0.1171875
Cars 0.30390625 0.4765625 0.02109375 0.025390625
Cars 0.3296875 0.4716796875 0.0171875 0.0224609375
Cars 0.35703125 0.46484375 0.01796875 0.01171875
Cars 0.434375 0.4638671875 0.028125 0.0146484375
