Cars 0.11171875 0.46875 0.03515625 0.041015625
Cars 0.15703125 0.486328125 0.02734375 0.033203125
Cars 0.065625 0.494140625 0.065625 0.080078125
Cars 0.46484375 0.478515625 0.04609375 0.041015625
Cars 0.47734375 0.4951171875 0.02265625 0.0361328125
Cars 0.5953125 0.486328125 0.05625 0.0625
Cars 0.80546875 0.501953125 0.10546875 0.091796875
Cars 0.8703125 0.5302734375 0.11875 0.0927734375
Cars 0.93671875 0.55859375 0.06171875 0.119140625
Bicycles 0.2609375 0.494140625 0.015625 0.044921875
Bicycles 0.23671875 0.5087890625 0.02109375 0.0517578125
People 0.23671875 0.4677734375 0.01796875 0.0693359375
People 0.259375 0.466796875 0.0140625 0.068359375
People 0.525 0.486328125 0.021875 0.091796875
People 0.67734375 0.5400390625 0.04765625 0.1630859375
Cars 0.39453125 0.4716796875 0.02109375 0.0302734375
People 0.3484375 0.4716796875 0.0109375 0.0419921875
People 0.315625 0.470703125 0.0109375 0.0390625
Cars 0.0265625 0.369140625 0.0265625 0.03125
