Cars 0.92421875 0.603515625 0.07421875 0.134765625
Cars 0.61484375 0.4853515625 0.06015625 0.0693359375
Cars 0.09453125 0.515625 0.07734375 0.05859375
Cars 0.26796875 0.486328125 0.03203125 0.03125
Cars 0.34140625 0.4765625 0.02265625 0.021484375
Cars 0.3703125 0.478515625 0.0109375 0.015625
Cars 0.39140625 0.478515625 0.01015625 0.013671875
Cars 0.4875 0.478515625 0.0125 0.013671875
Cars 0.45546875 0.4765625 0.01171875 0.013671875
Cars 0.16796875 0.474609375 0.01015625 0.009765625
Cars 0.196875 0.4755859375 0.0125 0.0126953125
