Cars 0.91484375 0.556640625 0.08359375 0.107421875
Cars 0.86328125 0.50390625 0.11484375 0.111328125
People 0.72109375 0.5283203125 0.02109375 0.1025390625
Cars 0.66875 0.515625 0.0375 0.0703125
Cars 0.603125 0.48828125 0.0625 0.056640625
Cars 0.46484375 0.490234375 0.05859375 0.072265625
People 0.33125 0.509765625 0.03125 0.099609375
Bicycles 0.3359375 0.5791015625 0.015625 0.0537109375
Cars 0.21796875 0.494140625 0.06953125 0.06640625
Cars 0.19921875 0.51953125 0.02734375 0.056640625
Cars 0.09296875 0.5107421875 0.09296875 0.1298828125
Cars 0.6609375 0.484375 0.046875 0.048828125
Cars 0.09375 0.43359375 0.0765625 0.025390625
