Cars 0.03359375 0.4326171875 0.03359375 0.0263671875
Cars 0.10078125 0.6025390625 0.10078125 0.1474609375
Cars 0.18984375 0.4912109375 0.05859375 0.0634765625
Cars 0.2796875 0.4921875 0.0359375 0.033203125
Cars 0.3203125 0.478515625 0.0265625 0.029296875
Cars 0.4765625 0.4697265625 0.015625 0.0166015625
Cars 0.58203125 0.4873046875 0.03359375 0.0380859375
Cars 0.81171875 0.591796875 0.18515625 0.205078125
People 0.51015625 0.4775390625 0.01640625 0.0537109375
People 0.5328125 0.5166015625 0.0171875 0.0830078125
People 0.38671875 0.4716796875 0.01015625 0.0302734375
People 0.371875 0.4755859375 0.009375 0.0283203125
Cars 0.64296875 0.5439453125 0.06015625 0.1083984375
