Cars 0.803125 0.431640625 0.0859375 0.048828125
People 0.02421875 0.4462890625 0.02109375 0.0673828125
People 0.2125 0.44921875 0.021875 0.064453125
People 0.26328125 0.4375 0.02265625 0.052734375
People 0.3515625 0.439453125 0.0140625 0.033203125
People 0.396875 0.4326171875 0.0140625 0.0419921875
People 0.1765625 0.4384765625 0.0140625 0.0283203125
People 0.15078125 0.44140625 0.01640625 0.025390625
Bicycles 0.2640625 0.470703125 0.0203125 0.025390625
Bicycles 0.028125 0.501953125 0.028125 0.033203125
Cars 0.0640625 0.4248046875 0.0625 0.0498046875
Cars 0.496875 0.4267578125 0.0203125 0.0205078125
Bicycles 0.3484375 0.462890625 0.0203125 0.0234375
People 0.0890625 0.453125 0.0234375 0.0546875
