People 0.8234375 0.462890625 0.0234375 0.107421875
People 0.1484375 0.4853515625 0.028125 0.1044921875
Bicycles 0.28125 0.501953125 0.0109375 0.029296875
People 0.071875 0.453125 0.0140625 0.048828125
People 0.04375 0.44921875 0.0078125 0.04296875
People 0.47109375 0.4501953125 0.00703125 0.0263671875
Cars 0.3609375 0.451171875 0.059375 0.025390625
Bicycles 0.68046875 0.5078125 0.03359375 0.037109375
Bicycles 0.09765625 0.5 0.02109375 0.029296875
Bicycles 0.76640625 0.5146484375 0.03359375 0.0458984375
Bicycles 0.54140625 0.46875 0.01171875 0.021484375
Bicycles 0.0234375 0.49609375 0.0234375 0.03125
People 0.24765625 0.451171875 0.00859375 0.037109375
People 0.28046875 0.43359375 0.01484375 0.0390625
Bicycles 0.58984375 0.462890625 0.01171875 0.015625
People 0.225 0.4521484375 0.0046875 0.0244140625
