Cars 0.1015625 0.576171875 0.0984375 0.123046875
Cars 0.23671875 0.544921875 0.04296875 0.068359375
Cars 0.3 0.51953125 0.0265625 0.04296875
Cars 0.40234375 0.46875 0.03515625 0.029296875
Cars 0.44375 0.4580078125 0.021875 0.0185546875
Cars 0.465625 0.44921875 0.0203125 0.021484375
Cars 0.61640625 0.4716796875 0.02734375 0.0302734375
Cars 0.934375 0.830078125 0.0640625 0.1328125
Cars 0.50078125 0.4462890625 0.01171875 0.0146484375
Cars 0.51875 0.443359375 0.0109375 0.013671875
Cars 0.5390625 0.44140625 0.0125 0.01171875
Cars 0.77890625 0.447265625 0.03671875 0.03125
Cars 0.78828125 0.4599609375 0.02421875 0.0322265625
Cars 0.89765625 0.451171875 0.08359375 0.04296875
