Cars 0.27734375 0.494140625 0.04921875 0.046875
Cars 0.35 0.4775390625 0.0359375 0.0341796875
Cars 0.4015625 0.466796875 0.0375 0.029296875
Cars 0.5828125 0.4755859375 0.01875 0.0283203125
Cars 0.62265625 0.49609375 0.03515625 0.03515625
Cars 0.7171875 0.5390625 0.071875 0.072265625
Cars 0.81328125 0.58984375 0.12265625 0.109375
Cars 0.91015625 0.6962890625 0.08359375 0.1865234375
Cars 0.9125 0.4892578125 0.0703125 0.0576171875
Cars 0.721875 0.4580078125 0.028125 0.0166015625
Cars 0.6453125 0.4580078125 0.0234375 0.0205078125
Cars 0.4796875 0.455078125 0.0140625 0.013671875
Cars 0.9546875 0.505859375 0.0375 0.044921875
People 0.4515625 0.45703125 0.00625 0.015625
