People 0.81875 0.51171875 0.0265625 0.08203125
Cars 0.903125 0.4912109375 0.078125 0.0498046875
Cars 0.76640625 0.50390625 0.03828125 0.05078125
Cars 0.67421875 0.4736328125 0.01796875 0.0341796875
Cars 0.60703125 0.4912109375 0.04765625 0.0458984375
Cars 0.54140625 0.4560546875 0.01640625 0.0205078125
Cars 0.509375 0.466796875 0.03125 0.03125
Cars 0.44609375 0.4580078125 0.02578125 0.0283203125
Cars 0.24765625 0.482421875 0.05234375 0.05078125
Cars 0.3921875 0.458984375 0.021875 0.0234375
Cars 0.35 0.4609375 0.0265625 0.03125
Cars 0.3375 0.4736328125 0.015625 0.0302734375
Cars 0.3078125 0.4775390625 0.0234375 0.0361328125
Cars 0.97578125 0.470703125 0.02265625 0.037109375
