People 0.53828125 0.494140625 0.01796875 0.06640625
People 0.5828125 0.4951171875 0.015625 0.0537109375
Bicycles 0.58359375 0.53515625 0.01171875 0.03125
Bicycles 0.53671875 0.5283203125 0.01015625 0.0380859375
Cars 0.2046875 0.5244140625 0.0890625 0.0634765625
Cars 0.31484375 0.4951171875 0.03984375 0.0498046875
Cars 0.38203125 0.484375 0.02734375 0.025390625
Cars 0.4046875 0.47265625 0.021875 0.025390625
Cars 0.65546875 0.5009765625 0.04765625 0.0576171875
Cars 0.7109375 0.53125 0.0625 0.056640625
Bicycles 0.73203125 0.5654296875 0.04765625 0.0615234375
Cars 0.86796875 0.6181640625 0.12734375 0.1201171875
Cars 0.43515625 0.474609375 0.01484375 0.017578125
Cars 0.44453125 0.46484375 0.01484375 0.01953125
Cars 0.48203125 0.4677734375 0.01015625 0.0126953125
