Bicycles 0.93046875 0.5849609375 0.02890625 0.0478515625
Bicycles 0.7796875 0.54296875 0.021875 0.03515625
Bicycles 0.70390625 0.53125 0.01328125 0.033203125
Bicycles 0.65625 0.5146484375 0.015625 0.0263671875
Bicycles 0.61328125 0.50390625 0.01171875 0.025390625
Bicycles 0.58046875 0.4990234375 0.01171875 0.0205078125
People 0.934375 0.5087890625 0.03125 0.0908203125
People 0.77734375 0.5048828125 0.02109375 0.0595703125
People 0.7 0.498046875 0.015625 0.041015625
People 0.653125 0.4912109375 0.015625 0.0380859375
People 0.6125 0.48828125 0.0109375 0.03125
People 0.58359375 0.4765625 0.01328125 0.03125
Cars 0.97265625 0.505859375 0.01796875 0.052734375
Cars 0.9 0.48828125 0.021875 0.044921875
Cars 0.0671875 0.435546875 0.034375 0.0234375
