Cars 0.0171875 0.544921875 0.0171875 0.056640625
Cars 0.13671875 0.513671875 0.10390625 0.056640625
Cars 0.32109375 0.49609375 0.07890625 0.0390625
Cars 0.50234375 0.46875 0.03984375 0.03125
Cars 0.85546875 0.4599609375 0.04140625 0.0224609375
Cars 0.925 0.458984375 0.034375 0.021484375
People 0.74140625 0.455078125 0.01171875 0.029296875
People 0.71875 0.4580078125 0.0125 0.0322265625
People 0.67890625 0.46484375 0.01171875 0.033203125
People 0.4578125 0.4765625 0.0125 0.0390625
People 0.425 0.474609375 0.0125 0.04296875
People 0.40625 0.4716796875 0.0109375 0.0419921875
People 0.37109375 0.447265625 0.01328125 0.017578125
People 0.35625 0.4453125 0.0125 0.017578125
People 0.12109375 0.447265625 0.01484375 0.017578125
People 0.959375 0.4521484375 0.009375 0.0224609375
People 0.88203125 0.439453125 0.01015625 0.013671875
