People 0.659375 0.466796875 0.0140625 0.041015625
People 0.6359375 0.4609375 0.0140625 0.04296875
Cars 0.8078125 0.4619140625 0.028125 0.0380859375
Cars 0.92421875 0.4482421875 0.07421875 0.0732421875
Cars 0.94765625 0.486328125 0.04453125 0.0546875
People 0.171875 0.482421875 0.009375 0.01953125
People 0.1125 0.4892578125 0.009375 0.0263671875
People 0.5515625 0.458984375 0.009375 0.0234375
People 0.61640625 0.462890625 0.01015625 0.03515625
People 0.12890625 0.4892578125 0.01015625 0.0166015625
Cars 0.73046875 0.458984375 0.01796875 0.0234375
Cars 0.371875 0.4638671875 0.01875 0.0146484375
