People 0.81171875 0.533203125 0.02109375 0.041015625
People 0.73828125 0.5185546875 0.01015625 0.0478515625
People 0.71875 0.517578125 0.009375 0.044921875
Cars 0.6921875 0.509765625 0.0140625 0.037109375
Cars 0.6578125 0.4921875 0.0203125 0.03125
Cars 0.54453125 0.47265625 0.01328125 0.015625
People 0.41875 0.4951171875 0.015625 0.0458984375
Cars 0.396875 0.4677734375 0.021875 0.0283203125
People 0.33203125 0.455078125 0.00703125 0.021484375
People 0.3046875 0.455078125 0.009375 0.01953125
Cars 0.09453125 0.48046875 0.09453125 0.056640625
People 0.27265625 0.462890625 0.00859375 0.029296875
