People 0.3828125 0.4609375 0.0109375 0.02734375
People 0.675 0.4599609375 0.009375 0.0341796875
People 0.7609375 0.490234375 0.0109375 0.046875
People 0.78828125 0.4833984375 0.01328125 0.0380859375
People 0.31171875 0.453125 0.00859375 0.02734375
People 0.40546875 0.462890625 0.01328125 0.02734375
Cars 0.4265625 0.4541015625 0.009375 0.0146484375
Cars 0.5234375 0.4599609375 0.0109375 0.0126953125
People 0.65859375 0.4677734375 0.01015625 0.0322265625
People 0.6453125 0.466796875 0.0109375 0.037109375
People 0.6125 0.462890625 0.0109375 0.033203125
Bicycles 0.81640625 0.6123046875 0.01484375 0.0517578125
Bicycles 0.9390625 0.5732421875 0.0203125 0.0498046875
