Cars 0.63515625 0.6259765625 0.24453125 0.2099609375
Bicycles 0.33671875 0.5146484375 0.01171875 0.0185546875
Bicycles 0.28828125 0.51171875 0.01796875 0.01953125
People 0.9125 0.4736328125 0.015625 0.0458984375
Dogs 0.878125 0.5048828125 0.015625 0.0146484375
People 0.79921875 0.4814453125 0.01640625 0.0419921875
People 0.22421875 0.4697265625 0.00859375 0.0283203125
People 0.20078125 0.47265625 0.01015625 0.03125
Cars 0.421875 0.4677734375 0.009375 0.0126953125
Cars 0.4078125 0.46875 0.00625 0.01171875
Cars 0.39296875 0.4697265625 0.01015625 0.0126953125
People 0.3375 0.47265625 0.009375 0.0234375
People 0.2828125 0.46484375 0.0125 0.025390625
People 0.1671875 0.47265625 0.0125 0.03125
People 0.1515625 0.474609375 0.0109375 0.03125
People 0.09609375 0.453125 0.00703125 0.017578125
People 0.07578125 0.4560546875 0.00859375 0.0185546875
