Cars 0.9703125 0.6025390625 0.028125 0.0751953125
Cars 0.90234375 0.5458984375 0.09609375 0.1123046875
Dogs 0.78125 0.623046875 0.025 0.04296875
Cars 0.82109375 0.50390625 0.10703125 0.0859375
People 0.70546875 0.54296875 0.03359375 0.125
Cars 0.65234375 0.51171875 0.03203125 0.08984375
People 0.6 0.525390625 0.028125 0.099609375
Cars 0.559375 0.521484375 0.0171875 0.041015625
Cars 0.52578125 0.5126953125 0.02265625 0.0419921875
Cars 0.4921875 0.49609375 0.015625 0.02734375
Cars 0.46953125 0.4833984375 0.01171875 0.0185546875
Cars 0.3796875 0.5205078125 0.0984375 0.1240234375
Cars 0.27578125 0.4833984375 0.01328125 0.0185546875
Cars 0.26171875 0.521484375 0.02265625 0.046875
Cars 0.134375 0.5029296875 0.134375 0.0869140625
Cars 0.0921875 0.53515625 0.0921875 0.080078125
Cars 0.046875 0.580078125 0.046875 0.080078125
