People 0.0125 0.474609375 0.0125 0.033203125
People 0.6625 0.51953125 0.021875 0.06640625
Cars 0.36953125 0.4775390625 0.02109375 0.0185546875
Cars 0.3890625 0.4677734375 0.015625 0.0205078125
Cars 0.48984375 0.4716796875 0.01484375 0.0166015625
Bicycles 0.659375 0.5537109375 0.0109375 0.0439453125
People 0.5359375 0.46875 0.0078125 0.01953125
People 0.5578125 0.4677734375 0.0078125 0.0185546875
People 0.58359375 0.47265625 0.00703125 0.013671875
Cars 0.4609375 0.47265625 0.0140625 0.01171875
Cars 0.51171875 0.4716796875 0.01015625 0.0087890625
Cars 0.41484375 0.46875 0.01015625 0.015625
Cars 0.4296875 0.46875 0.009375 0.013671875
