Cars 0.07734375 0.60546875 0.07734375 0.09375
Cars 0.23984375 0.548828125 0.04921875 0.044921875
Cars 0.26796875 0.5078125 0.05078125 0.041015625
Cars 0.46796875 0.4716796875 0.02578125 0.0185546875
Cars 0.6453125 0.505859375 0.05625 0.05859375
Cars 0.6765625 0.53515625 0.071875 0.06640625
Cars 0.95546875 0.513671875 0.04140625 0.056640625
Cars 0.3453125 0.5 0.021875 0.02734375
People 0.1765625 0.54296875 0.025 0.06640625
Cars 0.94765625 0.857421875 0.05078125 0.138671875
Cars 0.7921875 0.4873046875 0.0171875 0.0341796875
Cars 0.325 0.5068359375 0.0203125 0.0283203125
Bicycles 0.18515625 0.5810546875 0.01484375 0.0341796875
Cars 0.39921875 0.4619140625 0.02109375 0.0224609375
