People 0.325 0.5244140625 0.0234375 0.0830078125
People 0.10703125 0.478515625 0.02265625 0.033203125
People 0.0484375 0.521484375 0.021875 0.072265625
People 0.01328125 0.5146484375 0.01328125 0.0810546875
Cars 0.17265625 0.5263671875 0.10859375 0.0771484375
People 0.740625 0.4814453125 0.01875 0.0419921875
Cars 0.70234375 0.47265625 0.03359375 0.03515625
Cars 0.575 0.4765625 0.0171875 0.017578125
Cars 0.77109375 0.470703125 0.01328125 0.013671875
Cars 0.66484375 0.482421875 0.01171875 0.017578125
People 0.634375 0.4677734375 0.009375 0.0185546875
People 0.9 0.4697265625 0.0078125 0.0205078125
