Bicycles 0.7171875 0.4873046875 0.0265625 0.0341796875
Bicycles 0.6671875 0.4892578125 0.025 0.0322265625
Bicycles 0.62734375 0.48046875 0.01484375 0.01953125
People 0.6984375 0.4111328125 0.0109375 0.0283203125
Cars 0.47109375 0.427734375 0.01484375 0.015625
Cars 0.415625 0.4375 0.0203125 0.021484375
Cars 0.32890625 0.45703125 0.04765625 0.052734375
Cars 0.22421875 0.4462890625 0.01640625 0.0205078125
Cars 0.196875 0.451171875 0.0171875 0.01953125
Cars 0.16328125 0.453125 0.01640625 0.0234375
Cars 0.12421875 0.45703125 0.03359375 0.029296875
Cars 0.0765625 0.521484375 0.0765625 0.150390625
