People 0.6453125 0.455078125 0.0125 0.029296875
People 0.32109375 0.5029296875 0.01796875 0.0498046875
People 0.2640625 0.4716796875 0.0109375 0.0322265625
People 0.246875 0.4697265625 0.0125 0.0283203125
Cars 0.89765625 0.5078125 0.09921875 0.0703125
Cars 0.78359375 0.625 0.12109375 0.107421875
Cars 0.878125 0.7890625 0.1203125 0.20703125
Cars 0.35859375 0.4794921875 0.02421875 0.0263671875
Cars 0.075 0.517578125 0.0703125 0.048828125
People 0.66171875 0.453125 0.01015625 0.025390625
People 0.63125 0.4541015625 0.009375 0.0283203125
Bicycles 0.31953125 0.5546875 0.01171875 0.029296875
Cars 0.0703125 0.4677734375 0.0515625 0.0185546875
Cars 0.01796875 0.5234375 0.01796875 0.05859375
Cars 0.45390625 0.4716796875 0.01640625 0.0146484375
Cars 0.4375 0.46484375 0.0109375 0.017578125
Cars 0.41328125 0.4599609375 0.01171875 0.0126953125
