People 0.89140625 0.53515625 0.03984375 0.158203125
Cars 0.50625 0.4755859375 0.0171875 0.0439453125
People 0.465625 0.494140625 0.015625 0.056640625
Cars 0.421875 0.4814453125 0.0265625 0.0224609375
Cars 0.37890625 0.470703125 0.01640625 0.021484375
Cars 0.24140625 0.4814453125 0.03359375 0.0283203125
People 0.19765625 0.482421875 0.01015625 0.025390625
Cars 0.1703125 0.4814453125 0.0171875 0.0283203125
Cars 0.11796875 0.46484375 0.01328125 0.01171875
Cars 0.10390625 0.466796875 0.01171875 0.01171875
Cars 0.0796875 0.46875 0.0125 0.01171875
Cars 0.0484375 0.466796875 0.015625 0.013671875
Cars 0.01015625 0.4755859375 0.01015625 0.0146484375
