Cars 0.3546875 0.4755859375 0.0265625 0.0224609375
Cars 0.42578125 0.470703125 0.01640625 0.017578125
People 0.75703125 0.498046875 0.04140625 0.13671875
People 0.85859375 0.5048828125 0.05546875 0.1318359375
People 0.97890625 0.5087890625 0.01640625 0.1416015625
People 0.56640625 0.4814453125 0.01796875 0.0791015625
People 0.596875 0.470703125 0.0140625 0.05859375
People 0.51640625 0.4638671875 0.01171875 0.0283203125
Cars 0.36953125 0.462890625 0.02109375 0.02734375
People 0.47421875 0.466796875 0.01015625 0.029296875
