Cars 0.61875 0.4638671875 0.0421875 0.0419921875
Cars 0.56875 0.44921875 0.0234375 0.037109375
Cars 0.540625 0.4521484375 0.0109375 0.0205078125
Cars 0.5265625 0.4462890625 0.0109375 0.0166015625
Cars 0.5109375 0.4443359375 0.0109375 0.0146484375
Cars 0.4921875 0.44140625 0.0078125 0.01171875
Cars 0.4671875 0.4423828125 0.009375 0.0087890625
Cars 0.44765625 0.44140625 0.00703125 0.009765625
People 0.35625 0.4736328125 0.034375 0.0810546875
Cars 0.328125 0.44140625 0.0109375 0.017578125
Cars 0.2796875 0.4716796875 0.0546875 0.0458984375
