Cars 0.3578125 0.57421875 0.0765625 0.064453125
Cars 0.42890625 0.490234375 0.02265625 0.025390625
Cars 0.4609375 0.5322265625 0.0390625 0.0380859375
People 0.70078125 0.513671875 0.01640625 0.0390625
Cars 0.61484375 0.4697265625 0.01328125 0.0146484375
Bicycles 0.69609375 0.55078125 0.01328125 0.025390625
People 0.53828125 0.4697265625 0.00703125 0.0126953125
Cars 0.46171875 0.4765625 0.01015625 0.017578125
People 0.35625 0.47265625 0.009375 0.015625
People 0.3359375 0.470703125 0.009375 0.013671875
People 0.31953125 0.4697265625 0.01015625 0.0146484375
People 0.0109375 0.490234375 0.0109375 0.021484375
