People 0.775 0.50390625 0.0203125 0.06640625
People 0.70625 0.5087890625 0.01875 0.0732421875
People 0.34453125 0.47265625 0.01484375 0.044921875
People 0.3078125 0.47265625 0.0171875 0.0390625
Bicycles 0.34609375 0.49609375 0.01171875 0.02734375
Bicycles 0.30703125 0.49609375 0.01171875 0.0234375
Cars 0.15234375 0.498046875 0.04609375 0.05859375
Cars 0.24375 0.486328125 0.0421875 0.0390625
Cars 0.89765625 0.5341796875 0.10078125 0.1083984375
Cars 0.0734375 0.5107421875 0.06875 0.0869140625
People 0.40390625 0.4560546875 0.00703125 0.0205078125
People 0.41484375 0.453125 0.00546875 0.017578125
Cars 0.4546875 0.4541015625 0.0140625 0.0146484375
People 0.4828125 0.4501953125 0.0078125 0.0146484375
People 0.4953125 0.451171875 0.0078125 0.015625
Cars 0.66328125 0.474609375 0.02578125 0.037109375
Cars 0.6125 0.484375 0.0109375 0.01953125
Cars 0.6046875 0.451171875 0.015625 0.0234375
Cars 0.57109375 0.4521484375 0.01328125 0.0146484375
Cars 0.74296875 0.494140625 0.02265625 0.0390625
