People 0.959375 0.439453125 0.025 0.07421875
People 0.80078125 0.4326171875 0.01171875 0.0478515625
People 0.78671875 0.4326171875 0.01015625 0.0537109375
People 0.76171875 0.4453125 0.01171875 0.05859375
People 0.7421875 0.44140625 0.009375 0.046875
People 0.73046875 0.4423828125 0.01015625 0.0380859375
People 0.7140625 0.443359375 0.0109375 0.0390625
People 0.7015625 0.4423828125 0.009375 0.0361328125
People 0.68671875 0.439453125 0.01015625 0.041015625
People 0.67421875 0.443359375 0.01015625 0.037109375
People 0.6578125 0.44140625 0.009375 0.037109375
People 0.6421875 0.4443359375 0.009375 0.0302734375
People 0.62421875 0.4423828125 0.01171875 0.0283203125
People 0.559375 0.45703125 0.0109375 0.033203125
Cars 0.471875 0.4775390625 0.0171875 0.0126953125
People 0.521875 0.46875 0.009375 0.01953125
People 0.23125 0.4833984375 0.009375 0.0224609375
People 0.18828125 0.4755859375 0.01015625 0.0302734375
People 0.1703125 0.474609375 0.0109375 0.03125
People 0.125 0.4736328125 0.0109375 0.0361328125
People 0.10234375 0.4736328125 0.01171875 0.0361328125
