Cars 0.0703125 0.546875 0.06875 0.115234375
Cars 0.16875 0.521484375 0.0515625 0.072265625
Cars 0.30625 0.48046875 0.053125 0.048828125
Cars 0.3640625 0.4755859375 0.01875 0.0322265625
Cars 0.4 0.4697265625 0.01875 0.0224609375
Cars 0.41484375 0.455078125 0.02109375 0.0234375
Cars 0.70078125 0.5302734375 0.07890625 0.0732421875
Cars 0.5109375 0.4541015625 0.021875 0.0205078125
People 0.540625 0.4658203125 0.0109375 0.0302734375
People 0.5578125 0.466796875 0.0125 0.0390625
People 0.4421875 0.4541015625 0.009375 0.0224609375
Cars 0.590625 0.4638671875 0.0171875 0.0283203125
Cars 0.62421875 0.4775390625 0.03671875 0.0439453125
Cars 0.37265625 0.466796875 0.02109375 0.03125
Cars 0.81875 0.4921875 0.034375 0.0390625
Cars 0.90859375 0.5048828125 0.03359375 0.0576171875
Cars 0.74375 0.4453125 0.040625 0.015625
People 0.47890625 0.4560546875 0.00703125 0.0185546875
People 0.46875 0.4541015625 0.0046875 0.0224609375
People 0.45625 0.4609375 0.00625 0.0234375
