People 0.96640625 0.453125 0.01171875 0.048828125
People 0.95625 0.4609375 0.0125 0.04296875
People 0.93359375 0.412109375 0.01015625 0.013671875
People 0.9296875 0.458984375 0.0109375 0.03125
People 0.9078125 0.44140625 0.0109375 0.03125
People 0.896875 0.443359375 0.009375 0.033203125
People 0.85546875 0.4365234375 0.01171875 0.0341796875
People 0.8359375 0.4365234375 0.009375 0.0302734375
People 0.8078125 0.4384765625 0.009375 0.0283203125
People 0.7453125 0.4619140625 0.0109375 0.0458984375
People 0.72421875 0.4482421875 0.01015625 0.0302734375
People 0.70546875 0.44921875 0.01015625 0.03125
Cars 0.6484375 0.505859375 0.071875 0.060546875
Cars 0.5453125 0.4736328125 0.0296875 0.0322265625
Cars 0.515625 0.4619140625 0.0140625 0.0283203125
Cars 0.49375 0.4599609375 0.0109375 0.0224609375
Cars 0.4484375 0.47265625 0.0390625 0.044921875
Cars 0.41328125 0.4462890625 0.01015625 0.0126953125
Cars 0.3828125 0.4521484375 0.009375 0.0146484375
Cars 0.34453125 0.474609375 0.03984375 0.046875
Cars 0.303125 0.4716796875 0.0140625 0.0341796875
Cars 0.25703125 0.4736328125 0.03359375 0.0439453125
Cars 0.184375 0.4990234375 0.053125 0.0458984375
