Cars 0.60546875 0.482421875 0.02890625 0.033203125
Cars 0.63125 0.505859375 0.040625 0.0390625
Cars 0.73203125 0.5703125 0.07890625 0.072265625
Cars 0.86171875 0.6572265625 0.13359375 0.1142578125
Cars 0.96796875 0.814453125 0.02578125 0.08984375
Cars 0.39375 0.46484375 0.0203125 0.01953125
Cars 0.371875 0.484375 0.0265625 0.03125
Cars 0.30703125 0.49609375 0.04765625 0.056640625
People 0.49296875 0.4521484375 0.00859375 0.0244140625
Cars 0.4234375 0.447265625 0.015625 0.017578125
People 0.45546875 0.4541015625 0.01015625 0.0224609375
People 0.521875 0.4560546875 0.009375 0.0205078125
Cars 0.5640625 0.462890625 0.01875 0.02734375
Cars 0.5390625 0.45703125 0.0140625 0.01953125
