Cars 0.7765625 0.546875 0.146875 0.115234375
Cars 0.634375 0.5205078125 0.0515625 0.0732421875
Cars 0.4765625 0.5400390625 0.0234375 0.0205078125
Cars 0.4640625 0.5126953125 0.021875 0.0185546875
Cars 0.44296875 0.4853515625 0.01328125 0.0146484375
Cars 0.4140625 0.4853515625 0.0109375 0.0107421875
Cars 0.35703125 0.484375 0.01328125 0.013671875
Cars 0.33046875 0.521484375 0.02421875 0.02734375
Cars 0.09140625 0.5166015625 0.09140625 0.0849609375
Cars 0.34765625 0.5078125 0.01484375 0.017578125
