Cars 0.04296875 0.49609375 0.04296875 0.072265625
Cars 0.13046875 0.5087890625 0.09296875 0.0732421875
Cars 0.3734375 0.458984375 0.0140625 0.017578125
Cars 0.43671875 0.4638671875 0.01328125 0.0185546875
Cars 0.503125 0.4658203125 0.0296875 0.0302734375
People 0.6703125 0.4658203125 0.015625 0.0615234375
People 0.65234375 0.470703125 0.01171875 0.05859375
People 0.79765625 0.4638671875 0.02109375 0.0771484375
People 0.8734375 0.427734375 0.021875 0.052734375
People 0.7328125 0.4306640625 0.0171875 0.0263671875
