People 0.68046875 0.509765625 0.01171875 0.037109375
People 0.70390625 0.509765625 0.01328125 0.03515625
People 0.73359375 0.509765625 0.01171875 0.03515625
People 0.7734375 0.5166015625 0.015625 0.0439453125
People 0.83359375 0.5126953125 0.01484375 0.0439453125
People 0.5859375 0.5166015625 0.0140625 0.0361328125
Cars 0.48984375 0.5341796875 0.06171875 0.0615234375
Cars 0.38984375 0.4970703125 0.02265625 0.0224609375
People 0.0921875 0.5107421875 0.015625 0.0458984375
People 0.06875 0.486328125 0.0125 0.03125
People 0.05625 0.4921875 0.009375 0.037109375
People 0.115625 0.49609375 0.0140625 0.037109375
People 0.13671875 0.5009765625 0.01015625 0.0322265625
