Bicycles 0.35859375 0.4970703125 0.01328125 0.0302734375
People 0.35703125 0.4814453125 0.01796875 0.0458984375
People 0.7125 0.458984375 0.0171875 0.02734375
People 0.7609375 0.48046875 0.015625 0.05078125
People 0.7890625 0.4677734375 0.0125 0.0517578125
People 0.98203125 0.533203125 0.01640625 0.07421875
People 0.2765625 0.4580078125 0.009375 0.0341796875
People 0.2609375 0.4462890625 0.009375 0.0283203125
Cars 0.56875 0.462890625 0.0140625 0.015625
People 0.49140625 0.4521484375 0.00703125 0.0146484375
People 0.5078125 0.4541015625 0.00625 0.0126953125
Bicycles 0.1359375 0.48046875 0.0125 0.017578125
People 0.3375 0.453125 0.009375 0.0234375
People 0.325 0.4609375 0.009375 0.029296875
Cars 0.45546875 0.4619140625 0.01015625 0.0146484375
