Cars 0.8078125 0.4609375 0.028125 0.037109375
Cars 0.92421875 0.4482421875 0.07265625 0.0693359375
People 0.984375 0.5166015625 0.0140625 0.1083984375
People 0.93125 0.572265625 0.05625 0.169921875
People 0.70859375 0.466796875 0.01640625 0.05859375
People 0.64140625 0.44140625 0.01640625 0.0390625
Cars 0.52265625 0.5361328125 0.19296875 0.0888671875
People 0.128125 0.48828125 0.009375 0.017578125
People 0.44921875 0.4541015625 0.01171875 0.0185546875
People 0.1125 0.4951171875 0.0109375 0.0224609375
Cars 0.7328125 0.4609375 0.0140625 0.033203125
People 0.68828125 0.421875 0.00859375 0.013671875
People 0.675 0.4248046875 0.009375 0.0185546875
