Cars 0.97890625 0.6015625 0.01953125 0.076171875
Cars 0.909375 0.5146484375 0.0890625 0.1123046875
People 0.771875 0.4765625 0.04375 0.091796875
Bicycles 0.77421875 0.5791015625 0.03984375 0.0771484375
Cars 0.71640625 0.5009765625 0.01953125 0.0537109375
Cars 0.6828125 0.478515625 0.0515625 0.060546875
Cars 0.45234375 0.5126953125 0.12734375 0.1455078125
Cars 0.32265625 0.48046875 0.01015625 0.0234375
Cars 0.296875 0.486328125 0.01875 0.029296875
Cars 0.26953125 0.4921875 0.01796875 0.03125
Cars 0.21875 0.4970703125 0.0546875 0.0419921875
Cars 0.0890625 0.4931640625 0.0875 0.0947265625
Cars 0.04375 0.62890625 0.04375 0.125
