Bicycles 0.71171875 0.5 0.01484375 0.021484375
Cars 0.4 0.470703125 0.0296875 0.029296875
Cars 0.23828125 0.474609375 0.03359375 0.02734375
Cars 0.28046875 0.466796875 0.01953125 0.02734375
Cars 0.30546875 0.4619140625 0.01796875 0.0244140625
Cars 0.52421875 0.470703125 0.02890625 0.025390625
Cars 0.48828125 0.462890625 0.01015625 0.0234375
Cars 0.4734375 0.46484375 0.0109375 0.017578125
Cars 0.45625 0.4619140625 0.009375 0.0126953125
Cars 0.44140625 0.4580078125 0.01015625 0.0126953125
Cars 0.33125 0.46484375 0.0078125 0.021484375
Cars 0.34609375 0.46484375 0.00859375 0.015625
Cars 0.36015625 0.466796875 0.00859375 0.01171875
