Cars 0.628125 0.5009765625 0.06875 0.0615234375
Cars 0.559375 0.4814453125 0.028125 0.0458984375
Cars 0.525 0.482421875 0.0125 0.029296875
Cars 0.48984375 0.4951171875 0.01796875 0.0146484375
Cars 0.45625 0.4853515625 0.0140625 0.0185546875
Cars 0.43984375 0.490234375 0.01484375 0.017578125
Cars 0.403125 0.4833984375 0.021875 0.0302734375
Cars 0.37265625 0.48046875 0.01796875 0.03515625
Cars 0.31796875 0.494140625 0.05859375 0.046875
Cars 0.171875 0.52734375 0.0890625 0.078125
Cars 0.0484375 0.552734375 0.046875 0.123046875
