Cars 0.2609375 0.44140625 0.0359375 0.03515625
People 0.66328125 0.4794921875 0.02421875 0.0751953125
Bicycles 0.66171875 0.5263671875 0.01328125 0.0419921875
Bicycles 0.609375 0.5205078125 0.0125 0.0322265625
People 0.609375 0.482421875 0.021875 0.052734375
People 0.56640625 0.478515625 0.01796875 0.05078125
Bicycles 0.56640625 0.51171875 0.01171875 0.025390625
People 0.5015625 0.4609375 0.0171875 0.044921875
Bicycles 0.5015625 0.486328125 0.0109375 0.02734375
People 0.46875 0.447265625 0.0109375 0.033203125
People 0.41640625 0.4453125 0.01015625 0.021484375
Bicycles 0.46875 0.470703125 0.009375 0.017578125
