People 0.7078125 0.462890625 0.009375 0.0234375
People 0.6734375 0.5087890625 0.01875 0.0693359375
Cars 0.60234375 0.455078125 0.02734375 0.02734375
Cars 0.565625 0.447265625 0.0140625 0.01953125
Cars 0.55546875 0.431640625 0.01484375 0.0234375
Cars 0.5359375 0.431640625 0.009375 0.017578125
People 0.62265625 0.517578125 0.01015625 0.015625
Cars 0.5171875 0.435546875 0.009375 0.013671875
Cars 0.47109375 0.44140625 0.00859375 0.0078125
Cars 0.50625 0.4404296875 0.0046875 0.0068359375
Cars 0.440625 0.439453125 0.0078125 0.0078125
Cars 0.4109375 0.4326171875 0.0203125 0.0185546875
People 0.37734375 0.451171875 0.01171875 0.044921875
Cars 0.325 0.46484375 0.040625 0.048828125
