Cars 0.0921875 0.6064453125 0.0921875 0.0986328125
Cars 0.18984375 0.5380859375 0.07265625 0.0830078125
Cars 0.278125 0.5205078125 0.0359375 0.0517578125
Cars 0.32265625 0.5068359375 0.03046875 0.0380859375
Cars 0.359375 0.4765625 0.028125 0.029296875
Cars 0.615625 0.4892578125 0.0375 0.0419921875
Cars 0.63359375 0.5224609375 0.02578125 0.0419921875
Cars 0.69453125 0.54296875 0.07578125 0.0703125
Cars 0.7765625 0.607421875 0.10625 0.091796875
Cars 0.89375 0.7548828125 0.103125 0.1923828125
Cars 0.4234375 0.4560546875 0.015625 0.0205078125
People 0.52890625 0.4541015625 0.01015625 0.0224609375
People 0.51328125 0.453125 0.01015625 0.025390625
Cars 0.40546875 0.4677734375 0.01171875 0.0224609375
Cars 0.54921875 0.458984375 0.01484375 0.0234375
Cars 0.571875 0.47265625 0.01875 0.029296875
