Cars 0.2734375 0.482421875 0.0421875 0.048828125
Cars 0.42734375 0.4697265625 0.02421875 0.0283203125
People 0.85625 0.4658203125 0.015625 0.0595703125
People 0.884375 0.46484375 0.0140625 0.0625
People 0.80078125 0.4775390625 0.01640625 0.0673828125
Cars 0.3671875 0.4716796875 0.0140625 0.0166015625
Cars 0.40234375 0.466796875 0.01328125 0.025390625
People 0.5703125 0.458984375 0.0125 0.025390625
People 0.14921875 0.4599609375 0.00859375 0.0146484375
People 0.1328125 0.4599609375 0.009375 0.0166015625
People 0.115625 0.4541015625 0.0109375 0.0126953125
People 0.82734375 0.48046875 0.01796875 0.0546875
