Cars 0.903125 0.5341796875 0.0953125 0.1474609375
People 0.73828125 0.46484375 0.01171875 0.04296875
Cars 0.60234375 0.498046875 0.13515625 0.076171875
Cars 0.41796875 0.490234375 0.05390625 0.04296875
Cars 0.3921875 0.43359375 0.0453125 0.017578125
Cars 0.29375 0.4912109375 0.071875 0.0751953125
Cars 0.21328125 0.46875 0.03203125 0.0390625
Cars 0.13671875 0.48046875 0.04765625 0.048828125
Cars 0.06640625 0.470703125 0.02265625 0.021484375
Cars 0.02890625 0.4736328125 0.01484375 0.0205078125
Bicycles 0.7890625 0.4873046875 0.0109375 0.0185546875
Bicycles 0.7640625 0.486328125 0.009375 0.017578125
Cars 0.01328125 0.474609375 0.01328125 0.05859375
