People 0.7703125 0.4833984375 0.0171875 0.0654296875
People 0.7328125 0.4765625 0.0203125 0.07421875
People 0.6578125 0.474609375 0.0203125 0.052734375
People 0.7046875 0.4677734375 0.0140625 0.0517578125
People 0.584375 0.4677734375 0.0109375 0.0361328125
People 0.609375 0.4580078125 0.009375 0.0322265625
Cars 0.81328125 0.458984375 0.02578125 0.03515625
Cars 0.9265625 0.4462890625 0.0703125 0.0693359375
Cars 0.95078125 0.4873046875 0.04609375 0.0537109375
Cars 0.41796875 0.4775390625 0.02734375 0.0283203125
Cars 0.44765625 0.4609375 0.01484375 0.015625
People 0.5578125 0.4609375 0.00625 0.025390625
People 0.54765625 0.4609375 0.00546875 0.025390625
People 0.38203125 0.4619140625 0.00546875 0.0146484375
People 0.1671875 0.48046875 0.0078125 0.021484375
People 0.12734375 0.4873046875 0.01015625 0.0146484375
People 0.11171875 0.4892578125 0.01015625 0.0263671875
