People 0.06484375 0.44140625 0.02421875 0.033203125
People 0.65703125 0.4755859375 0.01171875 0.0224609375
People 0.703125 0.5126953125 0.01875 0.0693359375
People 0.7328125 0.5361328125 0.0234375 0.0908203125
Cars 0.21796875 0.439453125 0.06796875 0.025390625
Cars 0.11484375 0.552734375 0.10234375 0.08984375
Cars 0.22890625 0.521484375 0.05234375 0.05859375
Cars 0.309375 0.501953125 0.046875 0.05859375
Cars 0.3546875 0.4892578125 0.025 0.0419921875
Cars 0.38671875 0.474609375 0.01640625 0.03515625
Cars 0.4328125 0.46484375 0.025 0.025390625
Cars 0.91640625 0.5185546875 0.07265625 0.0537109375
Cars 0.8796875 0.49609375 0.096875 0.0546875
Cars 0.79375 0.4921875 0.040625 0.03515625
Cars 0.76328125 0.4912109375 0.02578125 0.0361328125
People 0.6234375 0.4609375 0.0078125 0.021484375
Cars 0.58828125 0.4599609375 0.01328125 0.0166015625
Cars 0.55859375 0.4482421875 0.00859375 0.0107421875
Cars 0.4640625 0.4609375 0.0125 0.017578125
Cars 0.47265625 0.453125 0.01640625 0.01953125
Cars 0.48984375 0.4541015625 0.01015625 0.0126953125
