Bicycles 0.22265625 0.46484375 0.01796875 0.0234375
People 0.27265625 0.4599609375 0.01328125 0.0595703125
People 0.2453125 0.4599609375 0.0140625 0.0576171875
People 0.353125 0.4052734375 0.0203125 0.0185546875
Cars 0.3828125 0.45703125 0.075 0.07421875
Cars 0.50859375 0.4638671875 0.14921875 0.0927734375
Cars 0.6921875 0.4814453125 0.1125 0.0751953125
Cars 0.821875 0.490234375 0.1734375 0.111328125
Cars 0.9296875 0.509765625 0.06875 0.103515625
People 0.3984375 0.4072265625 0.009375 0.0068359375
