People 0.725 0.4814453125 0.021875 0.0751953125
People 0.68203125 0.48046875 0.02265625 0.072265625
People 0.62421875 0.474609375 0.03203125 0.072265625
Bicycles 0.1453125 0.537109375 0.0203125 0.029296875
Cars 0.1890625 0.4755859375 0.0328125 0.0419921875
Cars 0.5828125 0.46875 0.0421875 0.0390625
Cars 0.2203125 0.470703125 0.028125 0.033203125
Cars 0.53984375 0.4599609375 0.01953125 0.0302734375
Cars 0.50625 0.455078125 0.0171875 0.021484375
Cars 0.2484375 0.46484375 0.0203125 0.029296875
Cars 0.26875 0.46484375 0.01875 0.025390625
Cars 0.296875 0.4609375 0.01875 0.0234375
Cars 0.4890625 0.44921875 0.009375 0.015625
Cars 0.4796875 0.44921875 0.009375 0.013671875
Cars 0.4640625 0.443359375 0.00625 0.009765625
Cars 0.3296875 0.453125 0.015625 0.01953125
Cars 0.3515625 0.44921875 0.0078125 0.015625
Cars 0.36484375 0.4501953125 0.00859375 0.0126953125
Cars 0.38046875 0.4482421875 0.00859375 0.0126953125
Cars 0.39375 0.4462890625 0.00625 0.0107421875
Cars 0.4046875 0.4453125 0.0078125 0.009765625
Cars 0.453125 0.4453125 0.00625 0.009765625
Cars 0.42109375 0.44140625 0.01171875 0.013671875
People 0.1421875 0.458984375 0.0171875 0.048828125
