Cars 0.084375 0.5849609375 0.0828125 0.1220703125
Cars 0.19375 0.5390625 0.0546875 0.078125
Cars 0.2703125 0.51953125 0.04375 0.048828125
Cars 0.35859375 0.4814453125 0.02421875 0.0263671875
Cars 0.38984375 0.466796875 0.02265625 0.01953125
Cars 0.58984375 0.4853515625 0.03359375 0.0302734375
Cars 0.6984375 0.51171875 0.0609375 0.044921875
Cars 0.75625 0.580078125 0.0984375 0.09375
Cars 0.85859375 0.6904296875 0.13984375 0.1474609375
People 0.19609375 0.55078125 0.02109375 0.076171875
People 0.32734375 0.4912109375 0.02578125 0.0498046875
People 0.43828125 0.5771484375 0.03984375 0.1201171875
People 0.61875 0.5986328125 0.0421875 0.1240234375
Bicycles 0.434375 0.65625 0.0125 0.06640625
Bicycles 0.3265625 0.541015625 0.0171875 0.037109375
Cars 0.15703125 0.4580078125 0.02421875 0.0263671875
Cars 0.571875 0.46875 0.028125 0.033203125
Cars 0.54375 0.458984375 0.0171875 0.01953125
Cars 0.459375 0.44921875 0.0140625 0.015625
Cars 0.76015625 0.44921875 0.04765625 0.02734375
Cars 0.65390625 0.4541015625 0.05078125 0.0185546875
Cars 0.7796875 0.4599609375 0.046875 0.0224609375
