People 0.01875 0.515625 0.015625 0.060546875
People 0.77890625 0.50390625 0.01328125 0.05859375
People 0.828125 0.5078125 0.0140625 0.0625
People 0.86953125 0.5068359375 0.01328125 0.0576171875
People 0.8921875 0.50390625 0.015625 0.06640625
People 0.56953125 0.4873046875 0.01015625 0.0263671875
Cars 0.51796875 0.4912109375 0.02265625 0.0224609375
Cars 0.4328125 0.4912109375 0.028125 0.0341796875
Cars 0.3203125 0.48828125 0.0203125 0.01953125
Cars 0.2734375 0.494140625 0.028125 0.0234375
Cars 0.36328125 0.4814453125 0.01640625 0.0166015625
