People 0.50546875 0.4736328125 0.01328125 0.0419921875
People 0.559375 0.4775390625 0.0125 0.0439453125
Cars 0.90625 0.671875 0.0921875 0.201171875
Cars 0.803125 0.59375 0.075 0.078125
Cars 0.7625 0.5419921875 0.0609375 0.0673828125
Cars 0.65 0.5048828125 0.03125 0.0556640625
Cars 0.38671875 0.4873046875 0.04140625 0.0478515625
Cars 0.35625 0.5107421875 0.0296875 0.0458984375
Cars 0.28828125 0.529296875 0.06015625 0.056640625
Cars 0.11484375 0.6201171875 0.11484375 0.1083984375
People 0.62421875 0.515625 0.02109375 0.048828125
Cars 0.671875 0.5234375 0.0421875 0.048828125
Cars 0.4265625 0.4736328125 0.0140625 0.0263671875
Cars 0.44375 0.470703125 0.0140625 0.021484375
Cars 0.45703125 0.4658203125 0.01015625 0.0205078125
Cars 0.4828125 0.4501953125 0.015625 0.0146484375
Bicycles 0.503125 0.49609375 0.009375 0.0234375
