Cars 0.3640625 0.44921875 0.025 0.025390625
Cars 0.409375 0.431640625 0.0140625 0.017578125
Cars 0.6859375 0.4794921875 0.0234375 0.0380859375
Cars 0.85390625 0.509765625 0.05859375 0.0703125
Cars 0.93203125 0.5068359375 0.06484375 0.1083984375
People 0.9640625 0.5234375 0.034375 0.1171875
Bicycles 0.9625 0.62109375 0.0296875 0.0625
People 0.775 0.484375 0.0328125 0.091796875
Bicycles 0.775 0.55859375 0.0203125 0.052734375
People 0.725 0.490234375 0.021875 0.064453125
Bicycles 0.72421875 0.533203125 0.01484375 0.0390625
People 0.64765625 0.4736328125 0.02421875 0.0615234375
Bicycles 0.64609375 0.5107421875 0.01171875 0.0361328125
People 0.5953125 0.4599609375 0.015625 0.0380859375
Bicycles 0.59609375 0.486328125 0.01171875 0.021484375
People 0.5734375 0.44921875 0.009375 0.02734375
People 0.54140625 0.4443359375 0.01015625 0.0205078125
