Cars 0.9796875 0.43359375 0.0171875 0.037109375
Cars 0.90625 0.443359375 0.0234375 0.04296875
Cars 0.84609375 0.4541015625 0.02578125 0.0205078125
Cars 0.8078125 0.4384765625 0.0234375 0.0205078125
Cars 0.775 0.443359375 0.025 0.015625
Cars 0.675 0.435546875 0.075 0.02734375
Cars 0.58515625 0.451171875 0.01640625 0.0234375
Cars 0.52890625 0.443359375 0.02734375 0.03125
Cars 0.45703125 0.462890625 0.04453125 0.044921875
Cars 0.39453125 0.4580078125 0.02265625 0.0302734375
People 0.3609375 0.466796875 0.0109375 0.03125
