People 0.69453125 0.4609375 0.03671875 0.078125
Bicycles 0.70859375 0.5888671875 0.01171875 0.0498046875
Cars 0.53671875 0.478515625 0.01796875 0.01953125
Cars 0.521875 0.47265625 0.0078125 0.013671875
Cars 0.5125 0.466796875 0.0078125 0.01171875
Cars 0.5046875 0.455078125 0.00625 0.009765625
Cars 0.4625 0.4619140625 0.00625 0.0087890625
Cars 0.45078125 0.466796875 0.00703125 0.009765625
Cars 0.43125 0.4736328125 0.00625 0.0126953125
Cars 0.4171875 0.4765625 0.0109375 0.015625
Cars 0.4015625 0.4775390625 0.009375 0.0166015625
Cars 0.3734375 0.4833984375 0.01875 0.0185546875
Cars 0.34453125 0.48828125 0.01171875 0.0234375
Cars 0.3203125 0.4912109375 0.015625 0.0263671875
Cars 0.2609375 0.48828125 0.0453125 0.048828125
