Cars 0.86171875 0.564453125 0.13671875 0.220703125
People 0.69453125 0.4609375 0.01171875 0.0390625
People 0.65 0.4599609375 0.0109375 0.0322265625
People 0.61953125 0.4599609375 0.00859375 0.0244140625
People 0.58125 0.45703125 0.0078125 0.01953125
Cars 0.540625 0.4716796875 0.03125 0.0322265625
Cars 0.453125 0.458984375 0.0203125 0.0234375
Cars 0.42734375 0.453125 0.00703125 0.009765625
Cars 0.4109375 0.455078125 0.009375 0.01171875
Cars 0.3890625 0.45703125 0.0109375 0.013671875
Cars 0.26875 0.4755859375 0.034375 0.0341796875
Cars 0.20625 0.4873046875 0.04375 0.0458984375
Cars 0.128125 0.5068359375 0.071875 0.0576171875
Cars 0.02109375 0.5205078125 0.02109375 0.0888671875
Cars 0.315625 0.47265625 0.0203125 0.025390625
