People 0.26328125 0.44921875 0.01328125 0.037109375
People 0.2453125 0.4716796875 0.0171875 0.0595703125
People 0.47890625 0.482421875 0.02265625 0.078125
Dogs 0.54921875 0.541015625 0.01484375 0.017578125
People 0.653125 0.5263671875 0.040625 0.1455078125
Bicycles 0.2515625 0.5078125 0.0109375 0.03515625
Cars 0.9640625 0.541015625 0.034375 0.150390625
Cars 0.8765625 0.5322265625 0.1 0.1005859375
Cars 0.77734375 0.5234375 0.08046875 0.078125
Cars 0.75390625 0.4599609375 0.08828125 0.0458984375
Cars 0.5953125 0.513671875 0.040625 0.05078125
Cars 0.56171875 0.4853515625 0.06953125 0.0595703125
Cars 0.434375 0.4775390625 0.0328125 0.0419921875
Cars 0.14375 0.4736328125 0.046875 0.0419921875
Cars 0.07578125 0.4970703125 0.07578125 0.0830078125
Cars 0.3921875 0.4716796875 0.025 0.0302734375
Cars 0.03125 0.3779296875 0.03125 0.0322265625
People 0.33125 0.4638671875 0.0109375 0.0283203125
People 0.30859375 0.466796875 0.01171875 0.02734375
