Cars 0.0515625 0.49609375 0.0515625 0.142578125
Cars 0.28046875 0.4794921875 0.02265625 0.0263671875
Cars 0.35078125 0.4716796875 0.02421875 0.0283203125
Cars 0.41953125 0.4736328125 0.05234375 0.0556640625
People 0.49453125 0.4638671875 0.01328125 0.0302734375
People 0.52734375 0.4609375 0.01484375 0.03125
People 0.59609375 0.458984375 0.01328125 0.033203125
People 0.76640625 0.4521484375 0.01484375 0.0419921875
People 0.79375 0.451171875 0.01875 0.041015625
People 0.9390625 0.4453125 0.0171875 0.05859375
People 0.8515625 0.4111328125 0.025 0.0263671875
People 0.553125 0.4501953125 0.009375 0.0205078125
