People 0.93046875 0.4697265625 0.01328125 0.0283203125
People 0.81328125 0.447265625 0.01328125 0.015625
People 0.7671875 0.44921875 0.0109375 0.01953125
People 0.70703125 0.4814453125 0.01015625 0.0185546875
People 0.6734375 0.4794921875 0.009375 0.0185546875
Cars 0.8359375 0.5771484375 0.1546875 0.1123046875
Cars 0.5234375 0.4853515625 0.0515625 0.0595703125
Cars 0.46953125 0.5048828125 0.06171875 0.0634765625
Cars 0.36953125 0.486328125 0.01796875 0.015625
Cars 0.33671875 0.4833984375 0.01484375 0.0146484375
Cars 0.28203125 0.4970703125 0.04296875 0.0302734375
Cars 0.1375 0.515625 0.0828125 0.0625
Cars 0.03203125 0.5361328125 0.03203125 0.0712890625
