Cars 0.9640625 0.4765625 0.0328125 0.0390625
Cars 0.57265625 0.474609375 0.02421875 0.02734375
Cars 0.10859375 0.5 0.04609375 0.052734375
Cars 0.19296875 0.4853515625 0.04296875 0.0380859375
Cars 0.240625 0.482421875 0.028125 0.02734375
Cars 0.2859375 0.48046875 0.0203125 0.0234375
Cars 0.375 0.46875 0.0171875 0.015625
Cars 0.534375 0.47265625 0.015625 0.01953125
Cars 0.50390625 0.4638671875 0.01171875 0.0185546875
Cars 0.875 0.4794921875 0.05 0.0361328125
Cars 0.0359375 0.48828125 0.034375 0.078125
Cars 0.45703125 0.4580078125 0.00703125 0.0087890625
Cars 0.4390625 0.4580078125 0.0078125 0.0107421875
