Cars 0.11171875 0.5517578125 0.11171875 0.0966796875
Cars 0.27109375 0.498046875 0.06484375 0.068359375
Cars 0.35234375 0.4951171875 0.02890625 0.0419921875
Cars 0.37734375 0.474609375 0.03046875 0.04296875
Cars 0.46484375 0.4638671875 0.02109375 0.0185546875
Cars 0.61171875 0.470703125 0.02109375 0.021484375
People 0.73984375 0.4599609375 0.01171875 0.0126953125
Cars 0.70625 0.517578125 0.040625 0.052734375
Cars 0.7796875 0.54296875 0.0734375 0.068359375
Cars 0.9765625 0.5361328125 0.021875 0.0517578125
Cars 0.95546875 0.701171875 0.04296875 0.1015625
Cars 0.67109375 0.4931640625 0.03046875 0.0341796875
Cars 0.53828125 0.4541015625 0.01171875 0.0126953125
Cars 0.48515625 0.4609375 0.01328125 0.017578125
People 0.51328125 0.4541015625 0.00546875 0.0146484375
Cars 0.9 0.5146484375 0.0515625 0.0361328125
Cars 0.84609375 0.4873046875 0.03671875 0.0283203125
