Cars 0.13515625 0.56640625 0.10546875 0.099609375
Cars 0.26953125 0.5234375 0.05234375 0.076171875
Cars 0.334375 0.505859375 0.025 0.0390625
Cars 0.36015625 0.484375 0.02734375 0.041015625
Cars 0.49140625 0.462890625 0.02421875 0.021484375
Cars 0.76015625 0.5654296875 0.12109375 0.1201171875
Cars 0.6515625 0.5146484375 0.0296875 0.0458984375
Cars 0.86640625 0.7626953125 0.12890625 0.2021484375
People 0.55 0.4619140625 0.009375 0.0224609375
People 0.9421875 0.427734375 0.0078125 0.015625
People 0.9265625 0.42578125 0.00625 0.015625
Cars 0.62265625 0.4921875 0.01640625 0.037109375
Cars 0.6734375 0.4375 0.03125 0.01171875
Cars 0.3890625 0.482421875 0.0125 0.025390625
Cars 0.40625 0.478515625 0.0125 0.021484375
Cars 0.41953125 0.46875 0.01328125 0.0234375
Cars 0.4375 0.466796875 0.0125 0.01953125
Cars 0.5328125 0.443359375 0.0125 0.017578125
