Cars 0.9375 0.638671875 0.0609375 0.154296875
People 0.921875 0.439453125 0.0078125 0.021484375
People 0.86640625 0.439453125 0.01015625 0.033203125
People 0.85234375 0.4453125 0.01015625 0.03125
People 0.84453125 0.4453125 0.00703125 0.02734375
People 0.72109375 0.4697265625 0.00859375 0.0400390625
People 0.690625 0.466796875 0.00625 0.02734375
People 0.6703125 0.4716796875 0.0125 0.0361328125
People 0.634375 0.466796875 0.009375 0.0234375
People 0.58359375 0.462890625 0.00546875 0.017578125
Cars 0.5484375 0.478515625 0.0328125 0.03515625
Cars 0.44921875 0.46484375 0.02421875 0.025390625
Cars 0.4171875 0.458984375 0.0109375 0.01171875
Cars 0.403125 0.46484375 0.0078125 0.009765625
Cars 0.3828125 0.462890625 0.0125 0.013671875
Cars 0.3015625 0.48046875 0.0203125 0.0234375
Cars 0.3375 0.462890625 0.0078125 0.0078125
Cars 0.16796875 0.498046875 0.04921875 0.0546875
Cars 0.078125 0.529296875 0.078125 0.0703125
Cars 0.2484375 0.482421875 0.0359375 0.0390625
