Cars 0.6859375 0.50390625 0.03125 0.0390625
Cars 0.6375 0.4892578125 0.015625 0.0302734375
People 0.6078125 0.5283203125 0.0671875 0.1298828125
Cars 0.53046875 0.4658203125 0.01171875 0.0166015625
Cars 0.51015625 0.458984375 0.01171875 0.01171875
Cars 0.46953125 0.4580078125 0.01171875 0.0126953125
Cars 0.41875 0.4619140625 0.0109375 0.0185546875
Cars 0.390625 0.4619140625 0.0234375 0.0263671875
People 0.12734375 0.4541015625 0.01484375 0.0283203125
People 0.09765625 0.46484375 0.01328125 0.0546875
Cars 0.24765625 0.4765625 0.12265625 0.060546875
