Cars 0.48046875 0.4140625 0.04140625 0.03515625
Cars 0.5359375 0.4130859375 0.0125 0.0263671875
Cars 0.55703125 0.4130859375 0.01640625 0.0224609375
Cars 0.5921875 0.4130859375 0.021875 0.0205078125
Cars 0.91796875 0.4287109375 0.07890625 0.0654296875
Cars 0.9578125 0.451171875 0.040625 0.0546875
Cars 0.7546875 0.4267578125 0.03125 0.0322265625
People 0.66953125 0.4111328125 0.01171875 0.0458984375
People 0.70234375 0.4267578125 0.01796875 0.0478515625
Cars 0.6171875 0.4140625 0.009375 0.017578125
Cars 0.64140625 0.4140625 0.01484375 0.017578125
Cars 0.23515625 0.3994140625 0.02265625 0.0517578125
Cars 0.14765625 0.3994140625 0.05546875 0.0595703125
Cars 0.04296875 0.361328125 0.04296875 0.037109375
