Bicycles 0.0609375 0.568359375 0.0234375 0.056640625
People 0.071875 0.5341796875 0.0265625 0.0810546875
People 0.23515625 0.4697265625 0.01484375 0.0361328125
People 0.265625 0.4736328125 0.0125 0.0361328125
People 0.41953125 0.47265625 0.01328125 0.037109375
People 0.4 0.462890625 0.0109375 0.025390625
People 0.34375 0.4853515625 0.01875 0.0439453125
People 0.86484375 0.51171875 0.01796875 0.05859375
People 0.88671875 0.5185546875 0.01171875 0.0537109375
People 0.903125 0.5087890625 0.0109375 0.0595703125
People 0.93984375 0.515625 0.01796875 0.0625
Cars 0.5484375 0.48046875 0.021875 0.0234375
People 0.30859375 0.4755859375 0.01328125 0.0419921875
Bicycles 0.3421875 0.51953125 0.015625 0.03515625
Cars 0.7359375 0.4638671875 0.0390625 0.0185546875
Cars 0.69765625 0.458984375 0.03359375 0.01953125
Cars 0.44453125 0.4765625 0.02265625 0.02734375
People 0.365625 0.4794921875 0.0125 0.0439453125
Cars 0.59765625 0.4697265625 0.02734375 0.0146484375
