Cars 0.1859375 0.43359375 0.0375 0.033203125
People 0.240625 0.423828125 0.0109375 0.033203125
People 0.28515625 0.4658203125 0.02578125 0.0751953125
People 0.3234375 0.48828125 0.0234375 0.078125
People 0.3765625 0.48828125 0.028125 0.083984375
People 0.4125 0.4853515625 0.021875 0.0751953125
People 0.4703125 0.5048828125 0.025 0.0888671875
People 0.50625 0.4814453125 0.01875 0.0693359375
People 0.546875 0.5009765625 0.0234375 0.0986328125
People 0.59296875 0.509765625 0.02890625 0.0859375
People 0.784375 0.5185546875 0.053125 0.1064453125
Cars 0.61953125 0.4658203125 0.02734375 0.0400390625
People 0.8203125 0.5107421875 0.0296875 0.0986328125
People 0.26015625 0.4169921875 0.01171875 0.0361328125
Cars 0.85703125 0.4306640625 0.03828125 0.0146484375
Cars 0.90859375 0.44140625 0.04296875 0.01171875
Cars 0.6890625 0.447265625 0.0375 0.021484375
