People 0.10234375 0.5751953125 0.03046875 0.1044921875
Cars 0.04453125 0.5830078125 0.04140625 0.0966796875
Cars 0.13515625 0.548828125 0.02734375 0.076171875
Cars 0.18671875 0.546875 0.04609375 0.05859375
People 0.30078125 0.51171875 0.01796875 0.05859375
Bicycles 0.3 0.5341796875 0.0171875 0.0439453125
Cars 0.25390625 0.5 0.03359375 0.052734375
Cars 0.34765625 0.46875 0.02578125 0.0234375
Cars 0.6484375 0.466796875 0.0390625 0.02734375
Cars 0.865625 0.5009765625 0.0625 0.0634765625
Cars 0.95703125 0.88671875 0.04140625 0.107421875
Cars 0.72578125 0.4892578125 0.02734375 0.0322265625
Cars 0.97734375 0.4951171875 0.02109375 0.0693359375
Cars 0.38203125 0.4560546875 0.01640625 0.0185546875
Cars 0.4078125 0.4501953125 0.0140625 0.0146484375
Cars 0.62734375 0.447265625 0.03515625 0.021484375
