Cars 0.9140625 0.4375 0.01875 0.021484375
Cars 0.74453125 0.4541015625 0.01796875 0.0205078125
People 0.68046875 0.455078125 0.01015625 0.021484375
People 0.6546875 0.4638671875 0.0109375 0.0224609375
Cars 0.6484375 0.4638671875 0.0171875 0.0185546875
Cars 0.5203125 0.4736328125 0.01875 0.0185546875
Cars 0.4515625 0.470703125 0.0265625 0.02734375
Cars 0.41875 0.462890625 0.0125 0.017578125
Cars 0.15234375 0.4921875 0.04296875 0.041015625
Cars 0.35546875 0.470703125 0.01484375 0.017578125
Cars 0.32421875 0.4755859375 0.01640625 0.0166015625
Cars 0.28671875 0.478515625 0.02265625 0.0234375
Cars 0.253125 0.4794921875 0.0140625 0.0185546875
People 0.95703125 0.4287109375 0.01015625 0.0263671875
Cars 0.875 0.443359375 0.021875 0.021484375
