Cars 0.16875 0.474609375 0.090625 0.04296875
Cars 0.578125 0.4599609375 0.0125 0.0205078125
Cars 0.60234375 0.46875 0.02421875 0.021484375
Cars 0.5078125 0.4482421875 0.015625 0.0185546875
People 0.98359375 0.4970703125 0.01328125 0.0439453125
People 0.859375 0.4765625 0.0140625 0.0390625
People 0.78671875 0.466796875 0.01171875 0.03515625
People 0.2671875 0.4560546875 0.0125 0.0322265625
People 0.02890625 0.4560546875 0.01171875 0.0498046875
People 0.01015625 0.458984375 0.01015625 0.0546875
People 0.434375 0.4521484375 0.0109375 0.0283203125
People 0.69375 0.4599609375 0.009375 0.0283203125
Cars 0.56875 0.45703125 0.0140625 0.015625
Bicycles 0.93828125 0.5751953125 0.03359375 0.0498046875
