Cars 0.8125 0.4609375 0.03125 0.0390625
Cars 0.925 0.447265625 0.0734375 0.072265625
Cars 0.9515625 0.486328125 0.0453125 0.060546875
People 0.71875 0.478515625 0.01875 0.072265625
People 0.678125 0.4765625 0.01875 0.076171875
People 0.459375 0.4716796875 0.0140625 0.0478515625
People 0.4171875 0.4765625 0.0171875 0.046875
People 0.09921875 0.52734375 0.03984375 0.154296875
People 0.16875 0.486328125 0.009375 0.025390625
People 0.1296875 0.48828125 0.0078125 0.013671875
People 0.3671875 0.4638671875 0.00625 0.0146484375
People 0.375 0.462890625 0.00625 0.013671875
People 0.38359375 0.462890625 0.00546875 0.015625
People 0.6203125 0.4609375 0.0078125 0.021484375
People 0.60390625 0.4599609375 0.01015625 0.0283203125
People 0.5796875 0.455078125 0.009375 0.025390625
People 0.5515625 0.458984375 0.009375 0.0234375
