People 0.7359375 0.474609375 0.0078125 0.02734375
People 0.72421875 0.474609375 0.00546875 0.025390625
People 0.7140625 0.4716796875 0.0046875 0.0224609375
People 0.70703125 0.470703125 0.00390625 0.025390625
People 0.69453125 0.47265625 0.00703125 0.03125
People 0.68046875 0.4755859375 0.00546875 0.0283203125
People 0.66640625 0.474609375 0.00546875 0.02734375
People 0.65703125 0.47265625 0.00546875 0.02734375
People 0.6390625 0.47265625 0.00625 0.025390625
People 0.621875 0.474609375 0.00625 0.025390625
People 0.61171875 0.4619140625 0.00546875 0.0146484375
People 0.59921875 0.4599609375 0.00546875 0.0185546875
People 0.584375 0.4580078125 0.00625 0.0185546875
People 0.5703125 0.4580078125 0.00625 0.0205078125
Cars 0.46796875 0.44140625 0.00859375 0.0078125
Cars 0.45234375 0.4814453125 0.03671875 0.0341796875
Cars 0.346875 0.451171875 0.0125 0.013671875
Cars 0.0515625 0.5078125 0.0515625 0.064453125
