Bicycles 0.7328125 0.6328125 0.0375 0.095703125
Bicycles 0.4109375 0.6162109375 0.015625 0.0908203125
Bicycles 0.5390625 0.5498046875 0.0140625 0.0576171875
Bicycles 0.45625 0.552734375 0.0109375 0.056640625
Bicycles 0.9875 0.591796875 0.0109375 0.05859375
Cars 0.28671875 0.484375 0.02421875 0.0234375
Cars 0.33828125 0.478515625 0.01796875 0.01953125
Bicycles 0.1171875 0.5029296875 0.0140625 0.0341796875
Bicycles 0.934375 0.580078125 0.0625 0.1015625
People 0.7265625 0.44921875 0.0421875 0.091796875
People 0.56875 0.4580078125 0.009375 0.0146484375
People 0.5375 0.44140625 0.0234375 0.056640625
People 0.459375 0.4541015625 0.021875 0.0498046875
People 0.41015625 0.525390625 0.03203125 0.1484375
