People 0.7171875 0.4775390625 0.015625 0.0439453125
Cars 0.646875 0.501953125 0.075 0.076171875
Cars 0.52421875 0.447265625 0.01484375 0.017578125
Cars 0.36953125 0.453125 0.01796875 0.01953125
Cars 0.23046875 0.4541015625 0.04140625 0.0224609375
Cars 0.30234375 0.490234375 0.03359375 0.03515625
Cars 0.23359375 0.5126953125 0.06171875 0.0498046875
Cars 0.91796875 0.5302734375 0.08046875 0.0634765625
Cars 0.85625 0.4765625 0.0671875 0.0625
Cars 0.40703125 0.4482421875 0.01171875 0.0126953125
Cars 0.409375 0.4345703125 0.0140625 0.0166015625
Cars 0.3234375 0.4775390625 0.021875 0.0283203125
Cars 0.34296875 0.470703125 0.01484375 0.0234375
Cars 0.36015625 0.458984375 0.01640625 0.021484375
