People 0.95 0.4482421875 0.0171875 0.0361328125
People 0.78515625 0.4638671875 0.01171875 0.0361328125
People 0.78515625 0.470703125 0.01015625 0.025390625
People 0.75859375 0.4794921875 0.00703125 0.0126953125
People 0.7328125 0.470703125 0.0078125 0.015625
Cars 0.90390625 0.63671875 0.09453125 0.16796875
Cars 0.52578125 0.486328125 0.06328125 0.07421875
Cars 0.4546875 0.5234375 0.084375 0.09375
Cars 0.3453125 0.501953125 0.028125 0.037109375
Cars 0.303125 0.4794921875 0.0140625 0.0166015625
Cars 0.121875 0.4951171875 0.0390625 0.0419921875
Cars 0.1859375 0.494140625 0.015625 0.01953125
Cars 0.05390625 0.5322265625 0.05390625 0.0712890625
People 0.23984375 0.4912109375 0.03046875 0.0869140625
