Cars 0.06328125 0.529296875 0.05859375 0.125
Cars 0.1046875 0.490234375 0.0421875 0.076171875
Cars 0.1890625 0.5009765625 0.059375 0.0693359375
Cars 0.26328125 0.4814453125 0.03515625 0.0595703125
Cars 0.3515625 0.462890625 0.0171875 0.015625
Cars 0.63125 0.4912109375 0.046875 0.0458984375
Cars 0.63984375 0.5146484375 0.03515625 0.0537109375
Cars 0.70625 0.546875 0.08125 0.076171875
Cars 0.8828125 0.7587890625 0.1140625 0.2333984375
Cars 0.75546875 0.4697265625 0.04765625 0.0361328125
Cars 0.471875 0.46484375 0.0140625 0.015625
Cars 0.440625 0.4658203125 0.0171875 0.0166015625
People 0.41171875 0.4599609375 0.00859375 0.0205078125
People 0.5328125 0.470703125 0.0078125 0.025390625
People 0.5203125 0.4716796875 0.00625 0.0283203125
People 0.5109375 0.470703125 0.0046875 0.02734375
