Cars 0.034375 0.51953125 0.034375 0.0625
Cars 0.1125 0.509765625 0.0484375 0.05078125
Cars 0.1875 0.4931640625 0.034375 0.0439453125
Cars 0.3453125 0.482421875 0.0140625 0.01953125
Cars 0.3390625 0.478515625 0.0125 0.01953125
Cars 0.67734375 0.5 0.04921875 0.046875
Cars 0.63203125 0.4794921875 0.03828125 0.0439453125
Cars 0.93359375 0.46875 0.03515625 0.0234375
Cars 0.92109375 0.4609375 0.03828125 0.0234375
Cars 0.87265625 0.462890625 0.03046875 0.021484375
Cars 0.84140625 0.4580078125 0.02734375 0.0205078125
Cars 0.8125 0.455078125 0.028125 0.0234375
Cars 0.78203125 0.451171875 0.02265625 0.017578125
Cars 0.51953125 0.47265625 0.01640625 0.017578125
Cars 0.3921875 0.470703125 0.0140625 0.01171875
Cars 0.37421875 0.47265625 0.01015625 0.015625
Cars 0.309375 0.48046875 0.01875 0.01953125
Cars 0.265625 0.4736328125 0.0171875 0.0185546875
