Cars 0.7203125 0.4658203125 0.0125 0.0166015625
Cars 0.671875 0.4619140625 0.034375 0.0224609375
People 0.60546875 0.490234375 0.01484375 0.048828125
Cars 0.503125 0.4560546875 0.0140625 0.0126953125
Cars 0.46640625 0.4580078125 0.01328125 0.0126953125
Cars 0.36328125 0.4580078125 0.01796875 0.0146484375
Cars 0.3234375 0.458984375 0.0265625 0.015625
Cars 0.2640625 0.4599609375 0.040625 0.0205078125
Cars 0.20234375 0.4638671875 0.03515625 0.0166015625
Cars 0.11015625 0.4638671875 0.02109375 0.0185546875
Cars 0.06796875 0.4609375 0.03046875 0.025390625
Cars 0.88046875 0.45703125 0.01328125 0.01171875
