People 0.63828125 0.4638671875 0.01171875 0.0458984375
People 0.7734375 0.515625 0.046875 0.142578125
People 0.878125 0.55859375 0.05 0.21875
People 0.95234375 0.5498046875 0.04609375 0.2001953125
People 0.175 0.4892578125 0.009375 0.0283203125
People 0.6515625 0.4609375 0.0125 0.0390625
People 0.3765625 0.4638671875 0.0109375 0.0263671875
People 0.1265625 0.4873046875 0.0125 0.0166015625
People 0.5921875 0.45703125 0.009375 0.025390625
People 0.55 0.458984375 0.009375 0.0234375
People 0.5546875 0.45703125 0.009375 0.021484375
