People 0.67109375 0.447265625 0.01171875 0.052734375
People 0.65 0.4248046875 0.0078125 0.0283203125
People 0.6328125 0.4228515625 0.009375 0.0283203125
People 0.590625 0.435546875 0.009375 0.029296875
People 0.5609375 0.4365234375 0.009375 0.0361328125
Cars 0.4671875 0.4365234375 0.0109375 0.0146484375
People 0.4484375 0.435546875 0.0078125 0.03515625
People 0.30078125 0.4248046875 0.00546875 0.0146484375
People 0.246875 0.4267578125 0.00625 0.0146484375
People 0.05859375 0.4560546875 0.01484375 0.0576171875
People 0.034375 0.4521484375 0.009375 0.0576171875
