Cars 0.07109375 0.568359375 0.06953125 0.099609375
Cars 0.16328125 0.5439453125 0.04609375 0.0595703125
Cars 0.21875 0.521484375 0.0375 0.05078125
Cars 0.2546875 0.4765625 0.034375 0.02734375
Cars 0.30078125 0.5322265625 0.06796875 0.0634765625
Cars 0.36640625 0.482421875 0.03515625 0.046875
Cars 0.4 0.46484375 0.01875 0.029296875
Cars 0.465625 0.4443359375 0.01875 0.0224609375
Cars 0.85234375 0.712890625 0.14609375 0.166015625
Cars 0.703125 0.5966796875 0.096875 0.0927734375
Cars 0.6234375 0.52734375 0.0671875 0.078125
Cars 0.5546875 0.4873046875 0.0328125 0.0380859375
People 0.97734375 0.4267578125 0.00859375 0.0224609375
People 0.48359375 0.4619140625 0.01015625 0.0263671875
People 0.96171875 0.4267578125 0.00703125 0.0205078125
Cars 0.65625 0.4345703125 0.028125 0.0185546875
Cars 0.5015625 0.451171875 0.0140625 0.01953125
