People 0.12734375 0.4921875 0.01328125 0.04296875
People 0.15234375 0.4912109375 0.01171875 0.0439453125
People 0.18125 0.4892578125 0.0140625 0.0439453125
People 0.35625 0.4609375 0.009375 0.0234375
People 0.346875 0.458984375 0.009375 0.0234375
Cars 0.92578125 0.6767578125 0.07109375 0.1279296875
Cars 0.82578125 0.5673828125 0.10859375 0.0986328125
Cars 0.96328125 0.50390625 0.03515625 0.03515625
Cars 0.60078125 0.4755859375 0.02421875 0.0224609375
Cars 0.4140625 0.4501953125 0.025 0.0185546875
Cars 0.50625 0.453125 0.0140625 0.01171875
People 0.63359375 0.4736328125 0.01015625 0.0283203125
People 0.40625 0.458984375 0.0109375 0.0234375
Cars 0.96015625 0.4765625 0.02890625 0.02734375
Cars 0.57734375 0.4697265625 0.01484375 0.0166015625
