Cars 0.60234375 0.458984375 0.06484375 0.05859375
Cars 0.7046875 0.4697265625 0.0390625 0.0537109375
Cars 0.95703125 0.521484375 0.04140625 0.05078125
Cars 0.32421875 0.46484375 0.02734375 0.03515625
People 0.36328125 0.4580078125 0.02890625 0.0791015625
People 0.26328125 0.46484375 0.02578125 0.064453125
People 0.2140625 0.462890625 0.0296875 0.06640625
People 0.096875 0.43359375 0.01875 0.060546875
People 0.0671875 0.431640625 0.01875 0.068359375
Cars 0.5078125 0.4638671875 0.028125 0.0185546875
