Cars 0.084375 0.6279296875 0.084375 0.0966796875
Cars 0.2046875 0.5556640625 0.0671875 0.0673828125
Cars 0.30390625 0.5166015625 0.05078125 0.0498046875
Cars 0.36171875 0.494140625 0.02734375 0.0390625
People 0.39921875 0.4833984375 0.01171875 0.0302734375
People 0.48046875 0.4736328125 0.01171875 0.0322265625
Cars 0.53203125 0.4677734375 0.02734375 0.0361328125
Cars 0.8890625 0.7421875 0.1046875 0.248046875
Cars 0.79921875 0.625 0.10390625 0.10546875
Cars 0.7140625 0.5478515625 0.0625 0.0615234375
Cars 0.671875 0.517578125 0.0453125 0.048828125
Cars 0.634375 0.48828125 0.040625 0.048828125
Cars 0.9234375 0.46484375 0.071875 0.033203125
Cars 0.86796875 0.4580078125 0.02890625 0.0302734375
Cars 0.8109375 0.46484375 0.0234375 0.029296875
Cars 0.7109375 0.46484375 0.0328125 0.025390625
Cars 0.459375 0.455078125 0.0125 0.013671875
Cars 0.409375 0.4697265625 0.0203125 0.0224609375
Cars 0.4203125 0.4619140625 0.021875 0.0205078125
