People 0.83203125 0.5625 0.02421875 0.068359375
Cars 0.671875 0.4853515625 0.0296875 0.0263671875
Cars 0.34296875 0.5341796875 0.06171875 0.0498046875
Cars 0.40078125 0.5087890625 0.02734375 0.0302734375
Cars 0.42734375 0.5 0.02109375 0.025390625
Cars 0.95078125 0.5126953125 0.03671875 0.0439453125
Cars 0.98203125 0.521484375 0.01640625 0.06640625
Cars 0.4453125 0.4921875 0.015625 0.0234375
Cars 0.4671875 0.4873046875 0.0140625 0.0205078125
Cars 0.484375 0.478515625 0.0140625 0.01953125
Cars 0.52421875 0.4619140625 0.01171875 0.0146484375
