Cars 0.36328125 0.46875 0.02109375 0.021484375
Cars 0.38671875 0.4638671875 0.01484375 0.0185546875
Cars 0.4859375 0.46484375 0.0171875 0.017578125
People 0.6765625 0.513671875 0.0203125 0.06640625
Bicycles 0.67890625 0.5517578125 0.01015625 0.0439453125
People 0.540625 0.4609375 0.0078125 0.01953125
People 0.56171875 0.462890625 0.00703125 0.017578125
People 0.58984375 0.4677734375 0.00703125 0.0146484375
Cars 0.515625 0.466796875 0.0078125 0.009765625
Cars 0.4609375 0.4658203125 0.009375 0.0107421875
Cars 0.4078125 0.4619140625 0.0125 0.0185546875
Cars 0.43046875 0.4609375 0.01171875 0.013671875
