Cars 0.1890625 0.4814453125 0.046875 0.0439453125
Cars 0.2640625 0.470703125 0.03125 0.03125
Cars 0.30234375 0.4677734375 0.01171875 0.0224609375
People 0.08671875 0.4794921875 0.02109375 0.0576171875
People 0.32109375 0.4755859375 0.02421875 0.0576171875
People 0.3703125 0.482421875 0.01875 0.06640625
People 0.41015625 0.48828125 0.02734375 0.060546875
People 0.9 0.458984375 0.01875 0.07421875
People 0.8625 0.4716796875 0.0171875 0.0654296875
People 0.7703125 0.474609375 0.015625 0.05859375
People 0.73984375 0.474609375 0.01796875 0.056640625
People 0.709375 0.451171875 0.0125 0.037109375
People 0.6859375 0.4306640625 0.0140625 0.0224609375
People 0.79296875 0.4794921875 0.01328125 0.0673828125
Bicycles 0.02265625 0.490234375 0.01484375 0.015625
