Cars 0.54921875 0.48046875 0.03984375 0.04296875
Cars 0.153125 0.478515625 0.0234375 0.041015625
Cars 0.0421875 0.5068359375 0.0421875 0.0615234375
Bicycles 0.87109375 0.5615234375 0.04921875 0.0712890625
Bicycles 0.7734375 0.5771484375 0.04375 0.0537109375
Bicycles 0.3515625 0.548828125 0.0390625 0.064453125
Bicycles 0.275 0.5537109375 0.0296875 0.0478515625
Bicycles 0.178125 0.541015625 0.01875 0.037109375
Bicycles 0.22890625 0.529296875 0.01328125 0.033203125
People 0.8265625 0.5078125 0.0578125 0.099609375
People 0.31328125 0.4990234375 0.03671875 0.0986328125
People 0.1890625 0.4912109375 0.021875 0.0693359375
People 0.253125 0.478515625 0.0140625 0.05078125
Cars 0.50703125 0.482421875 0.01328125 0.025390625
Cars 0.496875 0.4765625 0.0125 0.021484375
Cars 0.403125 0.470703125 0.015625 0.013671875
