People 0.9703125 0.673828125 0.028125 0.23828125
Cars 0.8546875 0.5068359375 0.084375 0.1064453125
People 0.73203125 0.5869140625 0.03984375 0.1826171875
People 0.68984375 0.58203125 0.03203125 0.150390625
Cars 0.61171875 0.5146484375 0.04921875 0.0791015625
People 0.521875 0.5888671875 0.0390625 0.2724609375
People 0.45703125 0.603515625 0.02578125 0.197265625
Cars 0.39609375 0.458984375 0.01796875 0.015625
People 0.32265625 0.4453125 0.01015625 0.01171875
Cars 0.2546875 0.494140625 0.128125 0.05078125
People 0.25234375 0.435546875 0.00703125 0.009765625
People 0.22265625 0.443359375 0.00859375 0.009765625
