Bicycles 0.71484375 0.6171875 0.04609375 0.095703125
Bicycles 0.5375 0.5244140625 0.0109375 0.0595703125
Bicycles 0.45 0.5283203125 0.0109375 0.0537109375
Bicycles 0.39375 0.580078125 0.0140625 0.0859375
Bicycles 0.85546875 0.51953125 0.03671875 0.087890625
Bicycles 0.071875 0.484375 0.0203125 0.041015625
Bicycles 0.1390625 0.484375 0.0125 0.033203125
Cars 0.278125 0.46484375 0.028125 0.025390625
People 0.71328125 0.4716796875 0.04609375 0.1435546875
People 0.809375 0.4033203125 0.0125 0.0283203125
People 0.5 0.4462890625 0.00625 0.0224609375
People 0.4828125 0.447265625 0.0078125 0.021484375
People 0.53828125 0.46484375 0.02734375 0.10546875
People 0.45078125 0.470703125 0.02421875 0.091796875
People 0.38671875 0.494140625 0.03984375 0.140625
Cars 0.334375 0.455078125 0.0171875 0.015625
