People 0.5 0.494140625 0.0203125 0.056640625
People 0.39375 0.4892578125 0.0140625 0.0498046875
People 0.37578125 0.484375 0.01328125 0.052734375
People 0.3328125 0.4736328125 0.0171875 0.0478515625
People 0.29765625 0.474609375 0.01484375 0.044921875
People 0.2390625 0.4658203125 0.0125 0.0361328125
People 0.209375 0.458984375 0.0125 0.04296875
People 0.17265625 0.50390625 0.02890625 0.078125
Bicycles 0.17265625 0.568359375 0.02578125 0.060546875
Cars 0.55703125 0.4755859375 0.02890625 0.0302734375
Cars 0.43671875 0.46875 0.02890625 0.029296875
Cars 0.75234375 0.4501953125 0.03359375 0.0166015625
Cars 0.61875 0.4609375 0.03125 0.017578125
