Bicycles 0.846875 0.625 0.103125 0.08203125
People 0.78359375 0.447265625 0.01015625 0.0234375
People 0.06015625 0.5390625 0.02734375 0.06640625
Bicycles 0.06484375 0.591796875 0.02734375 0.05078125
Cars 0.45390625 0.4453125 0.01171875 0.013671875
Cars 0.47421875 0.451171875 0.01796875 0.021484375
Cars 0.34453125 0.4814453125 0.03984375 0.0439453125
Cars 0.55234375 0.451171875 0.02109375 0.01953125
Cars 0.584375 0.4736328125 0.0140625 0.0263671875
Cars 0.60546875 0.4853515625 0.02890625 0.0322265625
Cars 0.640625 0.5078125 0.0421875 0.044921875
Cars 0.734375 0.5478515625 0.0875 0.0888671875
