People 0.80390625 0.5205078125 0.01484375 0.0537109375
People 0.75234375 0.5234375 0.01484375 0.05078125
People 0.7109375 0.533203125 0.0171875 0.041015625
Cars 0.48828125 0.5419921875 0.01484375 0.0166015625
Cars 0.47734375 0.5234375 0.01171875 0.013671875
Cars 0.4640625 0.5205078125 0.0109375 0.0126953125
Cars 0.4625 0.50390625 0.0109375 0.01171875
Cars 0.39921875 0.501953125 0.01171875 0.01171875
Cars 0.3875 0.51171875 0.0109375 0.013671875
Cars 0.378125 0.5224609375 0.0109375 0.0166015625
Cars 0.3359375 0.5537109375 0.0328125 0.0302734375
People 0.521875 0.517578125 0.00625 0.01171875
People 0.22578125 0.55078125 0.00859375 0.015625
