Cars 0.10859375 0.458984375 0.04921875 0.052734375
Cars 0.1671875 0.453125 0.0234375 0.0390625
Cars 0.2234375 0.4482421875 0.028125 0.0302734375
People 0.2484375 0.4736328125 0.0140625 0.0498046875
Dogs 0.2234375 0.5029296875 0.0078125 0.0126953125
Cars 0.75859375 0.5458984375 0.07421875 0.0654296875
Cars 0.68515625 0.5224609375 0.02578125 0.0478515625
Cars 0.68359375 0.505859375 0.03984375 0.044921875
Cars 0.64375 0.490234375 0.0265625 0.037109375
Cars 0.55390625 0.466796875 0.02265625 0.021484375
Cars 0.3125 0.4599609375 0.0421875 0.0224609375
Cars 0.3671875 0.462890625 0.025 0.021484375
Cars 0.06796875 0.4697265625 0.01640625 0.0615234375
Cars 0.4828125 0.458984375 0.0125 0.01171875
Cars 0.6109375 0.4765625 0.021875 0.029296875
Cars 0.015625 0.4521484375 0.015625 0.0498046875
