People 0.69140625 0.5107421875 0.02265625 0.0732421875
People 0.89921875 0.56640625 0.05390625 0.142578125
People 0.221875 0.4443359375 0.0171875 0.0263671875
Cars 0.1421875 0.5341796875 0.1140625 0.0849609375
Cars 0.28046875 0.51171875 0.05546875 0.05859375
Cars 0.33515625 0.5 0.02265625 0.037109375
Cars 0.3734375 0.4814453125 0.0328125 0.0419921875
Cars 0.28671875 0.4365234375 0.04765625 0.0205078125
Cars 0.45625 0.458984375 0.0234375 0.0234375
Cars 0.4046875 0.4765625 0.0171875 0.03515625
Cars 0.4234375 0.4716796875 0.015625 0.0322265625
Cars 0.48203125 0.4599609375 0.01171875 0.0146484375
Cars 0.48984375 0.451171875 0.01328125 0.017578125
People 0.64375 0.4697265625 0.009375 0.0205078125
People 0.62421875 0.4580078125 0.00859375 0.0205078125
Cars 0.73046875 0.474609375 0.02890625 0.02734375
Cars 0.759375 0.482421875 0.0296875 0.029296875
Cars 0.7953125 0.4931640625 0.046875 0.0361328125
Cars 0.82265625 0.501953125 0.03359375 0.03515625
Cars 0.59609375 0.455078125 0.01484375 0.017578125
