People 0.30234375 0.513671875 0.02890625 0.1015625
People 0.46484375 0.5029296875 0.02578125 0.1005859375
People 0.55859375 0.4970703125 0.02734375 0.0927734375
People 0.790625 0.5068359375 0.0265625 0.1474609375
People 0.7671875 0.521484375 0.040625 0.14453125
Cars 0.18828125 0.4755859375 0.02734375 0.0400390625
Cars 0.115625 0.458984375 0.05 0.025390625
Cars 0.0875 0.4794921875 0.078125 0.0458984375
Cars 0.0453125 0.4892578125 0.0453125 0.0498046875
Cars 0.03203125 0.4951171875 0.03203125 0.0537109375
