Cars 0.09921875 0.5439453125 0.09765625 0.1103515625
Cars 0.303125 0.484375 0.04375 0.048828125
Cars 0.35859375 0.484375 0.01640625 0.0234375
Cars 0.43828125 0.4873046875 0.07265625 0.0830078125
People 0.8640625 0.48046875 0.01875 0.064453125
People 0.82890625 0.48046875 0.01484375 0.046875
People 0.79609375 0.4775390625 0.01640625 0.0478515625
People 0.75234375 0.470703125 0.01484375 0.052734375
People 0.72109375 0.4677734375 0.01171875 0.0439453125
People 0.70625 0.4677734375 0.0109375 0.0341796875
