Cars 0.92734375 0.5546875 0.06953125 0.11328125
Cars 0.77890625 0.5185546875 0.10234375 0.0791015625
Cars 0.646875 0.4794921875 0.0515625 0.0517578125
Cars 0.57109375 0.486328125 0.02421875 0.02734375
Cars 0.52265625 0.470703125 0.01796875 0.017578125
Cars 0.46953125 0.4677734375 0.01328125 0.0146484375
Cars 0.4375 0.466796875 0.0109375 0.013671875
Cars 0.4171875 0.4677734375 0.009375 0.0146484375
Cars 0.403125 0.4716796875 0.009375 0.0146484375
Cars 0.3828125 0.4697265625 0.0125 0.0166015625
Cars 0.3578125 0.4736328125 0.0125 0.0146484375
Cars 0.3125 0.4677734375 0.0234375 0.0283203125
