Cars 0.88125 0.578125 0.1171875 0.203125
Cars 0.575 0.48046875 0.0296875 0.03515625
Cars 0.5421875 0.4716796875 0.0109375 0.0283203125
Cars 0.5296875 0.46484375 0.009375 0.021484375
People 0.5125 0.4658203125 0.009375 0.0224609375
Cars 0.4484375 0.4658203125 0.01875 0.0185546875
Cars 0.415625 0.431640625 0.0078125 0.009765625
Cars 0.4203125 0.4560546875 0.0078125 0.0107421875
Cars 0.37578125 0.4677734375 0.01640625 0.0185546875
Cars 0.340625 0.482421875 0.021875 0.02734375
Cars 0.2875 0.484375 0.0375 0.046875
People 0.22734375 0.4697265625 0.01015625 0.0361328125
People 0.20703125 0.4765625 0.01015625 0.029296875
