People 0.77421875 0.474609375 0.01171875 0.060546875
People 0.74296875 0.4658203125 0.01484375 0.0673828125
People 0.5015625 0.45703125 0.009375 0.02734375
People 0.484375 0.4541015625 0.0078125 0.0283203125
Cars 0.34296875 0.451171875 0.01015625 0.013671875
Cars 0.28984375 0.4599609375 0.02265625 0.0263671875
Cars 0.25234375 0.4462890625 0.01484375 0.0146484375
Cars 0.21484375 0.4453125 0.02109375 0.013671875
Cars 0.1734375 0.439453125 0.0109375 0.01171875
Cars 0.1328125 0.4267578125 0.0234375 0.0146484375
Cars 0.146875 0.4814453125 0.040625 0.0341796875
Cars 0.06875 0.4248046875 0.0359375 0.0185546875
Cars 0.0515625 0.4697265625 0.0515625 0.0673828125
