People 0.7375 0.5107421875 0.0125 0.0458984375
Bicycles 0.65546875 0.5224609375 0.01015625 0.0205078125
People 0.65390625 0.4931640625 0.00859375 0.0146484375
People 0.56875 0.4990234375 0.009375 0.0224609375
Cars 0.55390625 0.501953125 0.01015625 0.015625
Cars 0.38671875 0.48046875 0.02109375 0.015625
Cars 0.35703125 0.490234375 0.01171875 0.013671875
Cars 0.31484375 0.482421875 0.02109375 0.015625
Cars 0.2203125 0.486328125 0.0234375 0.013671875
Cars 0.1390625 0.51171875 0.059375 0.044921875
Cars 0.2734375 0.4833984375 0.01875 0.0146484375
Cars 0.04296875 0.5126953125 0.04140625 0.0458984375
