People 0.53046875 0.466796875 0.01015625 0.033203125
People 0.5140625 0.466796875 0.009375 0.029296875
People 0.38125 0.470703125 0.0125 0.0390625
Bicycles 0.38203125 0.4931640625 0.01015625 0.0283203125
People 0.18203125 0.4560546875 0.01171875 0.0478515625
People 0.153125 0.462890625 0.0125 0.052734375
People 0.109375 0.4619140625 0.0171875 0.0576171875
People 0.03671875 0.40625 0.01484375 0.02734375
People 0.0171875 0.4716796875 0.0171875 0.0693359375
Cars 0.6828125 0.5205078125 0.0546875 0.0654296875
Cars 0.8359375 0.5791015625 0.1484375 0.1357421875
Bicycles 0.2625 0.474609375 0.015625 0.03515625
Bicycles 0.31875 0.48046875 0.0203125 0.02734375
Cars 0.49375 0.4609375 0.015625 0.017578125
Bicycles 0.19453125 0.5078125 0.02109375 0.02734375
People 0.70546875 0.447265625 0.01015625 0.013671875
People 0.603125 0.451171875 0.009375 0.017578125
