People 0.93046875 0.509765625 0.01640625 0.08203125
People 0.89375 0.5107421875 0.0171875 0.0595703125
People 0.86015625 0.5224609375 0.01953125 0.0751953125
People 0.8015625 0.51953125 0.0125 0.0546875
People 0.821875 0.5205078125 0.00625 0.0537109375
People 0.77890625 0.513671875 0.01171875 0.052734375
People 0.75859375 0.51171875 0.00703125 0.044921875
People 0.7390625 0.517578125 0.0140625 0.052734375
People 0.703125 0.4990234375 0.0078125 0.0400390625
People 0.684375 0.46484375 0.0078125 0.021484375
People 0.66796875 0.4638671875 0.00703125 0.0224609375
People 0.65390625 0.4892578125 0.00703125 0.0341796875
People 0.63359375 0.48046875 0.00703125 0.021484375
People 0.621875 0.478515625 0.0046875 0.029296875
People 0.6078125 0.474609375 0.0046875 0.025390625
People 0.56875 0.453125 0.0046875 0.017578125
People 0.9828125 0.5166015625 0.015625 0.0888671875
Cars 0.5 0.4580078125 0.01875 0.0146484375
Cars 0.45 0.458984375 0.034375 0.017578125
Cars 0.4015625 0.4501953125 0.0125 0.0166015625
Cars 0.38046875 0.4580078125 0.01484375 0.0185546875
Cars 0.36171875 0.482421875 0.03046875 0.025390625
Cars 0.30390625 0.48828125 0.02265625 0.02734375
Cars 0.40546875 0.533203125 0.03359375 0.0546875
Cars 0.49453125 0.54296875 0.07578125 0.0703125
People 0.27578125 0.4921875 0.00546875 0.029296875
People 0.2671875 0.4892578125 0.0046875 0.0224609375
People 0.21015625 0.4814453125 0.00859375 0.0263671875
People 0.1890625 0.484375 0.0078125 0.02734375
People 0.17265625 0.48828125 0.00703125 0.02734375
Cars 0.05703125 0.5068359375 0.05703125 0.0458984375
People 0.71171875 0.46484375 0.00859375 0.0234375
People 0.69609375 0.46484375 0.00703125 0.0234375
People 0.740625 0.451171875 0.0078125 0.013671875
People 0.75234375 0.4521484375 0.00703125 0.0146484375
People 0.56015625 0.4521484375 0.00546875 0.0146484375
People 0.95625 0.4658203125 0.0109375 0.0263671875
