Cars 0.47890625 0.484375 0.02578125 0.029296875
Cars 0.140625 0.498046875 0.0515625 0.0390625
People 0.23203125 0.486328125 0.01484375 0.04296875
People 0.20390625 0.484375 0.01328125 0.037109375
People 0.26796875 0.48828125 0.01328125 0.03125
Bicycles 0.20390625 0.517578125 0.01171875 0.01953125
Bicycles 0.2328125 0.513671875 0.0125 0.01953125
Bicycles 0.2703125 0.5068359375 0.0109375 0.0166015625
Bicycles 0.3109375 0.5029296875 0.009375 0.0146484375
People 0.309375 0.48046875 0.0125 0.0234375
