People 0.16796875 0.4873046875 0.01015625 0.0283203125
People 0.9234375 0.4931640625 0.0234375 0.0947265625
People 0.97421875 0.4658203125 0.02421875 0.1123046875
Cars 0.81171875 0.466796875 0.02734375 0.04296875
Cars 0.8953125 0.4599609375 0.040625 0.0615234375
People 0.375 0.4619140625 0.00625 0.0146484375
Cars 0.64609375 0.4501953125 0.01328125 0.0166015625
Cars 0.72734375 0.45703125 0.01796875 0.02734375
People 0.128125 0.48828125 0.0109375 0.017578125
People 0.11328125 0.4951171875 0.01015625 0.0322265625
