Cars 0.91171875 0.5400390625 0.08515625 0.0791015625
Cars 0.825 0.48046875 0.0359375 0.03515625
Cars 0.71328125 0.466796875 0.02578125 0.01953125
Cars 0.6765625 0.4697265625 0.009375 0.0205078125
Cars 0.646875 0.482421875 0.021875 0.021484375
Cars 0.6109375 0.4775390625 0.0140625 0.0224609375
Cars 0.5859375 0.48046875 0.0140625 0.01953125
Cars 0.56171875 0.4833984375 0.01328125 0.0205078125
People 0.440625 0.4697265625 0.0140625 0.0224609375
Bicycles 0.44140625 0.509765625 0.00859375 0.017578125
People 0.40078125 0.48046875 0.00859375 0.033203125
People 0.025 0.4892578125 0.015625 0.0576171875
Cars 0.978125 0.580078125 0.0203125 0.0703125
