People 0.434375 0.53515625 0.0578125 0.16015625
Cars 0.53125 0.5234375 0.0515625 0.078125
Cars 0.71328125 0.5205078125 0.15078125 0.1064453125
Cars 0.96484375 0.587890625 0.03046875 0.126953125
Cars 0.34765625 0.4736328125 0.08046875 0.0869140625
Cars 0.49453125 0.4716796875 0.03984375 0.0595703125
People 0.21796875 0.494140625 0.01484375 0.05859375
People 0.04765625 0.48046875 0.01484375 0.041015625
People 0.0953125 0.48046875 0.0109375 0.037109375
Cars 0.25625 0.4794921875 0.025 0.0322265625
Cars 0.13359375 0.4794921875 0.03359375 0.0302734375
Cars 0.1875 0.4853515625 0.025 0.0361328125
Cars 0.06953125 0.4736328125 0.01484375 0.0185546875
Cars 0.028125 0.4814453125 0.0140625 0.0224609375
