Cars 0.0640625 0.453125 0.025 0.0234375
Cars 0.1171875 0.447265625 0.025 0.0234375
Cars 0.2 0.4462890625 0.021875 0.0205078125
Cars 0.27265625 0.45703125 0.03046875 0.029296875
People 0.33515625 0.447265625 0.01015625 0.025390625
People 0.49453125 0.4755859375 0.03046875 0.1220703125
People 0.54140625 0.39453125 0.01328125 0.01953125
People 0.56015625 0.4794921875 0.02734375 0.1103515625
People 0.67109375 0.47265625 0.02890625 0.078125
People 0.9640625 0.482421875 0.034375 0.171875
People 0.9 0.4892578125 0.040625 0.1689453125
People 0.83203125 0.4990234375 0.04765625 0.1748046875
