Cars 0.06015625 0.60546875 0.05859375 0.103515625
Cars 0.14375 0.5625 0.0671875 0.072265625
Cars 0.28203125 0.5673828125 0.09765625 0.0888671875
Cars 0.29296875 0.46875 0.04296875 0.01953125
Cars 0.46953125 0.4453125 0.01484375 0.021484375
Cars 0.378125 0.466796875 0.021875 0.03125
Cars 0.59609375 0.486328125 0.05078125 0.05859375
Cars 0.61484375 0.521484375 0.04765625 0.05078125
Cars 0.6703125 0.556640625 0.065625 0.072265625
Cars 0.765625 0.611328125 0.1015625 0.103515625
Cars 0.8703125 0.775390625 0.125 0.220703125
Cars 0.4953125 0.44140625 0.0109375 0.017578125
People 0.509375 0.455078125 0.0078125 0.025390625
People 0.8484375 0.4248046875 0.00625 0.0146484375
People 0.8375 0.4228515625 0.00625 0.0146484375
People 0.8296875 0.4248046875 0.0046875 0.0146484375
Cars 0.39765625 0.4599609375 0.01328125 0.0166015625
Cars 0.44453125 0.443359375 0.01171875 0.013671875
Cars 0.54609375 0.4521484375 0.02265625 0.0263671875
Cars 0.234375 0.46875 0.025 0.01953125
