People 0.940625 0.455078125 0.0578125 0.1171875
Bicycles 0.95234375 0.6708984375 0.04609375 0.0986328125
Cars 0.5609375 0.48828125 0.0265625 0.021484375
Cars 0.53515625 0.478515625 0.01171875 0.017578125
Cars 0.5203125 0.46875 0.00625 0.009765625
Cars 0.51171875 0.4599609375 0.00546875 0.0068359375
Cars 0.496875 0.45703125 0.0046875 0.0078125
Cars 0.4703125 0.4677734375 0.0046875 0.0087890625
Cars 0.45546875 0.47265625 0.00859375 0.009765625
Cars 0.43671875 0.482421875 0.00859375 0.01171875
Cars 0.41875 0.484375 0.0109375 0.015625
Cars 0.4015625 0.48828125 0.0125 0.01953125
Cars 0.3640625 0.498046875 0.028125 0.0234375
Cars 0.32109375 0.5078125 0.02109375 0.03125
Cars 0.28125 0.51953125 0.028125 0.033203125
Cars 0.1796875 0.5234375 0.0765625 0.078125
