Cars 0.925 0.4453125 0.0734375 0.07421875
Cars 0.95078125 0.486328125 0.04609375 0.0625
People 0.81796875 0.478515625 0.03359375 0.095703125
People 0.64296875 0.46484375 0.01640625 0.056640625
People 0.6234375 0.4765625 0.0140625 0.044921875
People 0.1703125 0.4873046875 0.0078125 0.0302734375
Cars 0.728125 0.4560546875 0.0203125 0.0224609375
People 0.67578125 0.4296875 0.01015625 0.013671875
People 0.59375 0.458984375 0.009375 0.029296875
People 0.3828125 0.4619140625 0.00625 0.0146484375
People 0.55625 0.45703125 0.009375 0.02734375
People 0.128125 0.48828125 0.0109375 0.017578125
