People 0.29296875 0.5009765625 0.01328125 0.0576171875
People 0.4359375 0.4931640625 0.0203125 0.0615234375
People 0.4859375 0.484375 0.0171875 0.048828125
People 0.859375 0.4677734375 0.0125 0.0283203125
People 0.94453125 0.4970703125 0.02421875 0.0537109375
Cars 0.54296875 0.49609375 0.04609375 0.037109375
Cars 0.6359375 0.490234375 0.0484375 0.03125
Cars 0.75625 0.48046875 0.05625 0.037109375
Cars 0.8234375 0.478515625 0.0171875 0.0234375
People 0.6703125 0.4619140625 0.0109375 0.0185546875
People 0.65390625 0.453125 0.01015625 0.01171875
People 0.603125 0.45703125 0.0109375 0.015625
People 0.5609375 0.4541015625 0.009375 0.0126953125
People 0.87890625 0.470703125 0.01171875 0.03125
People 0.9046875 0.4716796875 0.009375 0.0283203125
People 0.97890625 0.4716796875 0.01171875 0.0302734375
People 0.6328125 0.453125 0.009375 0.01171875
Bicycles 0.4796875 0.5244140625 0.015625 0.0263671875
