Cars 0.07734375 0.5234375 0.07734375 0.123046875
Cars 0.2234375 0.5068359375 0.0828125 0.0576171875
Cars 0.48359375 0.48046875 0.06171875 0.04296875
People 0.590625 0.482421875 0.015625 0.05078125
People 0.3890625 0.484375 0.021875 0.060546875
People 0.32265625 0.470703125 0.01328125 0.04296875
People 0.34609375 0.4697265625 0.01328125 0.0419921875
People 0.27421875 0.447265625 0.01640625 0.021484375
People 0.134375 0.4326171875 0.0140625 0.0166015625
Cars 0.8359375 0.4736328125 0.0203125 0.0166015625
Cars 0.875 0.4677734375 0.028125 0.0283203125
People 0.94375 0.478515625 0.009375 0.03515625
People 0.953125 0.4833984375 0.00625 0.0283203125
People 0.43828125 0.4638671875 0.01328125 0.0302734375
