Cars 0.47265625 0.4658203125 0.02890625 0.0224609375
Cars 0.75390625 0.47265625 0.02265625 0.04296875
Cars 0.653125 0.46484375 0.0203125 0.017578125
People 0.68515625 0.5146484375 0.02890625 0.0927734375
People 0.5453125 0.509765625 0.0140625 0.056640625
People 0.021875 0.5234375 0.0203125 0.09375
Cars 0.290625 0.4541015625 0.0484375 0.0361328125
Cars 0.19453125 0.4384765625 0.04609375 0.0263671875
Cars 0.50390625 0.4638671875 0.01171875 0.0185546875
Cars 0.5203125 0.462890625 0.0109375 0.017578125
Cars 0.58828125 0.46484375 0.01328125 0.01171875
