Cars 0.525 0.453125 0.0125 0.013671875
Cars 0.6140625 0.4833984375 0.0296875 0.0361328125
Cars 0.6328125 0.498046875 0.034375 0.044921875
Cars 0.69453125 0.51953125 0.06484375 0.064453125
Cars 0.76484375 0.5673828125 0.09921875 0.0927734375
Cars 0.08984375 0.548828125 0.08671875 0.095703125
Bicycles 0.9109375 0.572265625 0.021875 0.060546875
People 0.57421875 0.484375 0.01484375 0.052734375
People 0.82265625 0.482421875 0.02421875 0.0390625
People 0.8828125 0.537109375 0.025 0.10546875
People 0.95234375 0.5322265625 0.03046875 0.0986328125
People 0.38828125 0.484375 0.01484375 0.04296875
People 0.3578125 0.4736328125 0.0109375 0.0439453125
People 0.35078125 0.4794921875 0.01171875 0.0361328125
Bicycles 0.384375 0.4990234375 0.009375 0.0302734375
