Cars 0.8921875 0.6357421875 0.1046875 0.1982421875
Cars 0.778125 0.5712890625 0.0953125 0.0908203125
Cars 0.71796875 0.517578125 0.07265625 0.08203125
Cars 0.640625 0.4990234375 0.034375 0.0380859375
Cars 0.53359375 0.451171875 0.01328125 0.015625
Cars 0.32109375 0.4892578125 0.05078125 0.0458984375
People 0.57734375 0.47265625 0.01171875 0.037109375
People 0.4375 0.4638671875 0.0109375 0.0302734375
People 0.42578125 0.462890625 0.01015625 0.03125
Cars 0.23203125 0.4677734375 0.02421875 0.0283203125
Cars 0.10703125 0.529296875 0.10234375 0.103515625
People 0.4140625 0.466796875 0.009375 0.029296875
People 0.48515625 0.458984375 0.00859375 0.021484375
Bicycles 0.48515625 0.470703125 0.00703125 0.013671875
Cars 0.61796875 0.4736328125 0.03671875 0.0283203125
People 0.7921875 0.4560546875 0.0125 0.0244140625
