Cars 0.9765625 0.458984375 0.021875 0.12109375
Cars 0.921875 0.400390625 0.0328125 0.0234375
People 0.86171875 0.4228515625 0.02109375 0.0751953125
People 0.825 0.40234375 0.0171875 0.048828125
People 0.7609375 0.4150390625 0.0109375 0.0419921875
People 0.74921875 0.38671875 0.01015625 0.03515625
People 0.6546875 0.4140625 0.009375 0.03515625
Cars 0.4359375 0.43359375 0.0234375 0.029296875
Cars 0.34765625 0.443359375 0.02109375 0.025390625
Cars 0.27421875 0.4501953125 0.05078125 0.0517578125
Cars 0.0734375 0.5625 0.0734375 0.123046875
