People 0.73828125 0.49609375 0.04140625 0.08984375
Cars 0.62109375 0.482421875 0.04609375 0.04296875
Cars 0.565625 0.466796875 0.0234375 0.03515625
Cars 0.5375 0.470703125 0.0109375 0.025390625
Cars 0.51796875 0.46484375 0.01015625 0.021484375
Cars 0.5046875 0.4619140625 0.009375 0.0146484375
Cars 0.496875 0.458984375 0.009375 0.01171875
Cars 0.48125 0.458984375 0.0078125 0.009765625
Cars 0.46484375 0.4609375 0.00703125 0.0078125
Cars 0.43828125 0.4580078125 0.00859375 0.0107421875
Cars 0.3046875 0.4814453125 0.0390625 0.0419921875
Cars 0.19140625 0.50390625 0.07890625 0.06640625
