Cars 0.88359375 0.4638671875 0.11484375 0.1552734375
Cars 0.7421875 0.466796875 0.0546875 0.076171875
Cars 0.68046875 0.4677734375 0.03671875 0.0498046875
Cars 0.640625 0.462890625 0.0265625 0.0390625
Cars 0.60859375 0.4619140625 0.01640625 0.0302734375
Cars 0.584375 0.45703125 0.0171875 0.025390625
Cars 0.5078125 0.439453125 0.009375 0.009765625
Cars 0.409375 0.4404296875 0.0078125 0.0087890625
Cars 0.3796875 0.4423828125 0.0140625 0.0185546875
Cars 0.35 0.451171875 0.015625 0.01953125
Cars 0.321875 0.4541015625 0.0234375 0.0224609375
Cars 0.2671875 0.4638671875 0.0421875 0.0361328125
Cars 0.09296875 0.6025390625 0.09296875 0.2236328125
