Cars 0.9390625 0.576171875 0.059375 0.134765625
Cars 0.75625 0.5322265625 0.10625 0.0830078125
Cars 0.62578125 0.4931640625 0.06015625 0.0556640625
Cars 0.58828125 0.4794921875 0.04296875 0.0498046875
Cars 0.534375 0.4814453125 0.0171875 0.0283203125
Cars 0.02109375 0.5380859375 0.02109375 0.0595703125
Cars 0.07890625 0.5185546875 0.04453125 0.0537109375
Cars 0.134375 0.50390625 0.0140625 0.044921875
Cars 0.10859375 0.451171875 0.04453125 0.01171875
Cars 0.4890625 0.4658203125 0.01875 0.0205078125
Bicycles 0.26875 0.5 0.009375 0.01953125
Cars 0.4625 0.466796875 0.0109375 0.013671875
Cars 0.4484375 0.46484375 0.0109375 0.01171875
Cars 0.3953125 0.4658203125 0.0109375 0.0126953125
Cars 0.38125 0.4658203125 0.0109375 0.0126953125
Cars 0.365625 0.466796875 0.009375 0.013671875
Cars 0.33515625 0.4658203125 0.02109375 0.0205078125
People 0.2671875 0.4599609375 0.0125 0.0224609375
People 0.1609375 0.4990234375 0.0125 0.0439453125
