People 0.9078125 0.5087890625 0.0171875 0.0615234375
People 0.76953125 0.5439453125 0.01796875 0.0478515625
People 0.75546875 0.4677734375 0.01171875 0.0302734375
Cars 0.678125 0.5126953125 0.0734375 0.0693359375
Cars 0.603125 0.505859375 0.021875 0.04296875
Cars 0.565625 0.486328125 0.0265625 0.029296875
Cars 0.53984375 0.474609375 0.01171875 0.015625
Cars 0.52421875 0.470703125 0.01015625 0.015625
Cars 0.484375 0.4853515625 0.028125 0.0302734375
Cars 0.44765625 0.4384765625 0.00703125 0.0087890625
Cars 0.45390625 0.455078125 0.00546875 0.009765625
Cars 0.4234375 0.4814453125 0.009375 0.0126953125
Cars 0.41015625 0.4833984375 0.00859375 0.0185546875
Cars 0.375 0.48828125 0.0375 0.041015625
People 0.025 0.5078125 0.0109375 0.0234375
People 0.00703125 0.50390625 0.00703125 0.029296875
