Cars 0.06484375 0.607421875 0.06484375 0.111328125
Cars 0.14765625 0.5517578125 0.06484375 0.0771484375
Cars 0.27890625 0.50390625 0.04921875 0.048828125
Cars 0.34453125 0.4775390625 0.03046875 0.0302734375
Cars 0.759375 0.48828125 0.0828125 0.04296875
Cars 0.91953125 0.544921875 0.06015625 0.052734375
Cars 0.64375 0.4560546875 0.0234375 0.0224609375
People 0.40546875 0.4580078125 0.01015625 0.0263671875
People 0.50625 0.45703125 0.009375 0.021484375
Cars 0.83671875 0.4677734375 0.03359375 0.0361328125
Cars 0.60703125 0.451171875 0.01484375 0.015625
People 0.546875 0.4501953125 0.0078125 0.0205078125
Cars 0.3328125 0.4912109375 0.0171875 0.0302734375
