Bicycles 0.1359375 0.5185546875 0.0171875 0.0419921875
Bicycles 0.1890625 0.50390625 0.015625 0.033203125
Cars 0.01875 0.5078125 0.0171875 0.08203125
Cars 0.04453125 0.4658203125 0.03828125 0.0302734375
Cars 0.65390625 0.4736328125 0.04140625 0.0361328125
Cars 0.709375 0.4970703125 0.0671875 0.0419921875
Cars 0.36171875 0.4619140625 0.01015625 0.0126953125
Cars 0.43046875 0.4599609375 0.01015625 0.0126953125
People 0.12578125 0.490234375 0.02109375 0.0546875
People 0.18828125 0.4638671875 0.02265625 0.0478515625
People 0.23828125 0.4580078125 0.01328125 0.0361328125
People 0.275 0.4580078125 0.0109375 0.0283203125
