People 0.77421875 0.4755859375 0.02109375 0.0654296875
People 0.8515625 0.4306640625 0.0078125 0.0224609375
People 0.64375 0.4697265625 0.0140625 0.0556640625
Bicycles 0.6796875 0.513671875 0.025 0.06640625
Bicycles 0.2859375 0.521484375 0.0125 0.03125
Bicycles 0.3390625 0.4892578125 0.00625 0.0205078125
People 0.1453125 0.4560546875 0.009375 0.0283203125
People 0.16640625 0.4658203125 0.00859375 0.0380859375
Bicycles 0.08125 0.501953125 0.0265625 0.046875
Bicycles 0.0375 0.5078125 0.015625 0.04296875
Cars 0.39765625 0.4609375 0.01171875 0.01171875
Bicycles 0.57578125 0.498046875 0.00703125 0.0234375
Bicycles 0.73359375 0.515625 0.01484375 0.05859375
People 0.353125 0.4619140625 0.00625 0.0302734375
People 0.33984375 0.4482421875 0.00703125 0.0224609375
Cars 0.32421875 0.4609375 0.01015625 0.017578125
People 0.2890625 0.453125 0.0125 0.03515625
Bicycles 0.20078125 0.490234375 0.01640625 0.0234375
Bicycles 0.1328125 0.5 0.0203125 0.01953125
People 0.61640625 0.486328125 0.01015625 0.0390625
People 0.5921875 0.484375 0.009375 0.0390625
People 0.83515625 0.4384765625 0.00859375 0.0224609375
People 0.5578125 0.455078125 0.0046875 0.015625
