People 0.98046875 0.5029296875 0.01796875 0.1005859375
People 0.8078125 0.4951171875 0.0375 0.0537109375
People 0.74453125 0.4990234375 0.02578125 0.0498046875
People 0.6859375 0.5126953125 0.0296875 0.0732421875
People 0.6421875 0.494140625 0.028125 0.05078125
People 0.59453125 0.51171875 0.02734375 0.0703125
People 0.5296875 0.4619140625 0.0125 0.0322265625
People 0.5109375 0.4658203125 0.0109375 0.0322265625
People 0.440625 0.4638671875 0.0125 0.0322265625
People 0.353125 0.462890625 0.0109375 0.037109375
People 0.36796875 0.474609375 0.01015625 0.02734375
People 0.2609375 0.46484375 0.0109375 0.0390625
People 0.07421875 0.4697265625 0.01796875 0.0341796875
People 0.8625 0.4580078125 0.015625 0.0322265625
People 0.88671875 0.4580078125 0.01640625 0.0361328125
