People 0.25078125 0.4658203125 0.01328125 0.0361328125
People 0.28125 0.4609375 0.0125 0.033203125
Cars 0.33671875 0.4814453125 0.03359375 0.0322265625
Cars 0.3875 0.46875 0.0171875 0.025390625
Cars 0.43828125 0.4794921875 0.03671875 0.0380859375
People 0.065625 0.47265625 0.015625 0.060546875
People 0.0328125 0.490234375 0.0171875 0.06640625
People 0.1375 0.4755859375 0.0125 0.0498046875
People 0.15625 0.4736328125 0.0140625 0.0498046875
People 0.17265625 0.4658203125 0.01328125 0.0478515625
People 0.234375 0.4658203125 0.009375 0.0322265625
