People 0.975 0.5439453125 0.0234375 0.1005859375
People 0.9390625 0.556640625 0.0265625 0.08984375
People 0.896875 0.546875 0.0203125 0.048828125
People 0.828125 0.5166015625 0.0234375 0.0634765625
People 0.78828125 0.5166015625 0.01796875 0.0595703125
People 0.76015625 0.517578125 0.01796875 0.0625
People 0.6828125 0.5205078125 0.0109375 0.0419921875
People 0.64140625 0.501953125 0.01328125 0.0546875
Cars 0.4609375 0.498046875 0.0296875 0.02734375
Cars 0.53125 0.494140625 0.028125 0.025390625
Cars 0.409375 0.48046875 0.015625 0.02734375
Cars 0.384375 0.48828125 0.0203125 0.025390625
People 0.10390625 0.466796875 0.01015625 0.02734375
