People 0.8140625 0.501953125 0.009375 0.052734375
People 0.8328125 0.501953125 0.0140625 0.048828125
People 0.68359375 0.47265625 0.01328125 0.0390625
People 0.71328125 0.466796875 0.01171875 0.037109375
People 0.64609375 0.470703125 0.01484375 0.037109375
People 0.31640625 0.46484375 0.01015625 0.029296875
People 0.39140625 0.470703125 0.01171875 0.02734375
People 0.30390625 0.4609375 0.00703125 0.025390625
Bicycles 0.390625 0.4873046875 0.0109375 0.0205078125
Cars 0.54375 0.4638671875 0.0140625 0.0146484375
People 0.36484375 0.462890625 0.00703125 0.021484375
People 0.87421875 0.5087890625 0.01015625 0.0458984375
