People 0.89453125 0.587890625 0.04609375 0.177734375
People 0.67734375 0.462890625 0.01484375 0.03515625
People 0.340625 0.435546875 0.009375 0.01953125
Cars 0.9640625 0.5224609375 0.0328125 0.0751953125
Cars 0.76875 0.4951171875 0.05 0.0478515625
Cars 0.37734375 0.462890625 0.02578125 0.025390625
Cars 0.3 0.4765625 0.053125 0.052734375
Cars 0.221875 0.4638671875 0.04375 0.0322265625
Cars 0.06015625 0.4453125 0.05390625 0.021484375
Cars 0.4046875 0.455078125 0.021875 0.02734375
Cars 0.61484375 0.453125 0.01171875 0.017578125
Cars 0.5890625 0.45703125 0.021875 0.025390625
Cars 0.5484375 0.44140625 0.009375 0.01171875
Cars 0.4421875 0.451171875 0.0125 0.01953125
Cars 0.47109375 0.44140625 0.01171875 0.015625
Cars 0.65546875 0.455078125 0.01640625 0.01953125
Cars 0.85625 0.4912109375 0.0140625 0.0380859375
