People 0.8921875 0.4970703125 0.0171875 0.0498046875
People 0.7921875 0.4765625 0.0109375 0.04296875
People 0.7734375 0.4755859375 0.0109375 0.0498046875
People 0.428125 0.4462890625 0.009375 0.0166015625
Cars 0.6109375 0.470703125 0.0359375 0.0390625
Cars 0.28046875 0.4892578125 0.07109375 0.0751953125
Cars 0.8453125 0.453125 0.0421875 0.044921875
Cars 0.91484375 0.4775390625 0.01796875 0.0341796875
Cars 0.98046875 0.4775390625 0.01796875 0.0380859375
People 0.49296875 0.4482421875 0.00546875 0.0185546875
People 0.48203125 0.447265625 0.00546875 0.017578125
Cars 0.86796875 0.4775390625 0.01796875 0.0283203125
