People 0.0890625 0.4736328125 0.009375 0.0380859375
People 0.2953125 0.4677734375 0.0140625 0.0439453125
People 0.55078125 0.4599609375 0.01328125 0.0361328125
People 0.5328125 0.466796875 0.009375 0.037109375
People 0.653125 0.4462890625 0.0109375 0.0380859375
People 0.67109375 0.4482421875 0.01171875 0.0341796875
Cars 0.5015625 0.4609375 0.025 0.021484375
Cars 0.2453125 0.46875 0.0328125 0.02734375
People 0.2015625 0.466796875 0.0109375 0.02734375
People 0.1859375 0.46484375 0.009375 0.02734375
