Cars 0.15625 0.5283203125 0.1046875 0.0693359375
Cars 0.3375 0.4853515625 0.028125 0.0283203125
Cars 0.45625 0.48046875 0.059375 0.068359375
People 0.7625 0.46484375 0.0109375 0.0390625
People 0.784375 0.4638671875 0.0109375 0.0419921875
People 0.8046875 0.4677734375 0.0125 0.0361328125
People 0.8171875 0.4755859375 0.0109375 0.0498046875
People 0.859375 0.46875 0.0109375 0.060546875
People 0.6671875 0.4580078125 0.0109375 0.0166015625
People 0.196875 0.4453125 0.0140625 0.015625
People 0.221875 0.4560546875 0.015625 0.0263671875
People 0.14296875 0.4541015625 0.01171875 0.0146484375
People 0.2515625 0.4697265625 0.0109375 0.0283203125
People 0.27578125 0.474609375 0.01015625 0.029296875
Bicycles 0.009375 0.5224609375 0.009375 0.0263671875
