Cars 0.15859375 0.4482421875 0.06640625 0.0361328125
Cars 0.49453125 0.470703125 0.02421875 0.029296875
Cars 0.58828125 0.486328125 0.03046875 0.029296875
Cars 0.67265625 0.49609375 0.03515625 0.04296875
Cars 0.7359375 0.501953125 0.053125 0.046875
Cars 0.86875 0.576171875 0.1296875 0.259765625
Cars 0.08359375 0.4169921875 0.04921875 0.0419921875
Cars 0.6375 0.4931640625 0.01875 0.0205078125
Cars 0.55859375 0.48046875 0.01640625 0.025390625
Cars 0.5390625 0.4814453125 0.0125 0.0205078125
Cars 0.425 0.462890625 0.0125 0.013671875
Cars 0.4515625 0.470703125 0.0109375 0.01171875
