Cars 0.559375 0.47265625 0.021875 0.013671875
Cars 0.9671875 0.7080078125 0.0296875 0.1123046875
People 0.33203125 0.47265625 0.01171875 0.029296875
People 0.3421875 0.4765625 0.009375 0.0234375
People 0.3546875 0.4755859375 0.0109375 0.0263671875
People 0.60234375 0.4921875 0.01484375 0.044921875
People 0.64375 0.4990234375 0.0109375 0.0419921875
People 0.68984375 0.4892578125 0.01171875 0.0341796875
People 0.71640625 0.4921875 0.01171875 0.029296875
People 0.83125 0.5009765625 0.0140625 0.0419921875
People 0.8734375 0.4912109375 0.0109375 0.0419921875
People 0.93984375 0.501953125 0.01640625 0.041015625
People 0.96640625 0.5068359375 0.01484375 0.0283203125
People 0.19921875 0.4697265625 0.01171875 0.0380859375
People 0.225 0.4736328125 0.015625 0.0419921875
People 0.6609375 0.482421875 0.009375 0.025390625
People 0.73828125 0.48828125 0.01015625 0.033203125
People 0.75625 0.4921875 0.009375 0.03125
People 0.778125 0.482421875 0.0109375 0.017578125
