Cars 0.57734375 0.4580078125 0.02734375 0.0283203125
Cars 0.6203125 0.498046875 0.0359375 0.037109375
Cars 0.66328125 0.5244140625 0.05859375 0.0537109375
Cars 0.8640625 0.66796875 0.13125 0.1328125
Cars 0.3296875 0.48828125 0.034375 0.04296875
Cars 0.24765625 0.505859375 0.06796875 0.0703125
Cars 0.040625 0.474609375 0.040625 0.041015625
People 0.3703125 0.4765625 0.0125 0.041015625
Cars 0.3859375 0.4638671875 0.009375 0.0205078125
Cars 0.39609375 0.4521484375 0.01328125 0.0205078125
Cars 0.4140625 0.443359375 0.0125 0.017578125
People 0.44453125 0.44921875 0.01015625 0.02734375
Cars 0.49609375 0.439453125 0.01171875 0.015625
People 0.484375 0.4443359375 0.009375 0.0283203125
Cars 0.534375 0.451171875 0.0171875 0.025390625
People 0.521875 0.451171875 0.0125 0.0234375
Cars 0.9796875 0.865234375 0.0171875 0.10546875
