People 0.15703125 0.4921875 0.03046875 0.087890625
People 0.2796875 0.5078125 0.0515625 0.08203125
People 0.36875 0.5009765625 0.03125 0.0888671875
People 0.4046875 0.5009765625 0.0234375 0.0947265625
People 0.4453125 0.5029296875 0.01875 0.0927734375
People 0.48828125 0.50390625 0.03359375 0.111328125
People 0.53984375 0.556640625 0.04765625 0.154296875
People 0.575 0.5087890625 0.028125 0.0908203125
People 0.68125 0.53515625 0.0359375 0.111328125
People 0.87421875 0.568359375 0.04921875 0.15234375
People 0.94765625 0.5498046875 0.03203125 0.1376953125
