Cars 0.8796875 0.4794921875 0.0953125 0.0380859375
People 0.7296875 0.4970703125 0.0171875 0.0419921875
People 0.71015625 0.466796875 0.01171875 0.025390625
People 0.54296875 0.47265625 0.01015625 0.03125
Cars 0.571875 0.4716796875 0.0234375 0.0283203125
Cars 0.35859375 0.48046875 0.02890625 0.021484375
Cars 0.30234375 0.5029296875 0.03828125 0.0419921875
Cars 0.2 0.5263671875 0.0703125 0.0693359375
Cars 0.49453125 0.4404296875 0.01171875 0.0126953125
Bicycles 0.54375 0.5048828125 0.009375 0.0205078125
Bicycles 0.72421875 0.5283203125 0.01640625 0.0224609375
Cars 0.3875 0.462890625 0.021875 0.0234375
Cars 0.690625 0.4736328125 0.01875 0.0322265625
Cars 0.82265625 0.431640625 0.05078125 0.013671875
