People 0.65078125 0.4658203125 0.01796875 0.0478515625
People 0.6140625 0.4599609375 0.0140625 0.0283203125
People 0.59140625 0.46484375 0.01171875 0.033203125
Cars 0.94375 0.4921875 0.040625 0.044921875
Cars 0.92421875 0.4462890625 0.07109375 0.0693359375
Cars 0.8109375 0.4638671875 0.0296875 0.0361328125
Cars 0.5078125 0.517578125 0.065625 0.05859375
People 0.12578125 0.4873046875 0.01171875 0.0166015625
Cars 0.7265625 0.4599609375 0.01875 0.0283203125
People 0.55625 0.4599609375 0.009375 0.0224609375
