Cars 0.80859375 0.4619140625 0.03046875 0.0380859375
Cars 0.9234375 0.447265625 0.071875 0.0703125
Cars 0.95078125 0.4873046875 0.04609375 0.0595703125
People 0.659375 0.4677734375 0.0109375 0.0361328125
People 0.63984375 0.4609375 0.01171875 0.044921875
People 0.61875 0.4677734375 0.0109375 0.0341796875
Cars 0.384375 0.466796875 0.01875 0.013671875
People 0.16796875 0.486328125 0.00859375 0.02734375
People 0.1140625 0.490234375 0.009375 0.02734375
Cars 0.73046875 0.462890625 0.01796875 0.0234375
People 0.128125 0.4873046875 0.009375 0.0166015625
