Cars 0.565625 0.4853515625 0.025 0.0361328125
Cars 0.60234375 0.48828125 0.02734375 0.044921875
Cars 0.66015625 0.5 0.06640625 0.05859375
People 0.06875 0.4697265625 0.0109375 0.0380859375
People 0.17734375 0.4716796875 0.01015625 0.0302734375
People 0.1625 0.4736328125 0.009375 0.0302734375
People 0.528125 0.455078125 0.009375 0.017578125
People 0.4984375 0.4541015625 0.009375 0.0205078125
People 0.29296875 0.4580078125 0.01015625 0.0185546875
People 0.3078125 0.4560546875 0.009375 0.0185546875
People 0.12578125 0.470703125 0.01328125 0.0390625
People 0.08671875 0.470703125 0.01015625 0.03125
