Bicycles 0.26953125 0.4912109375 0.02109375 0.0224609375
Bicycles 0.18515625 0.4677734375 0.02109375 0.0341796875
Bicycles 0.23046875 0.470703125 0.01640625 0.03125
Bicycles 0.0359375 0.5029296875 0.03125 0.0439453125
Bicycles 0.296875 0.5068359375 0.015625 0.0341796875
People 0.3015625 0.4755859375 0.0171875 0.0537109375
People 0.04609375 0.44921875 0.01796875 0.052734375
People 0.01875 0.451171875 0.01875 0.056640625
People 0.47890625 0.458984375 0.01171875 0.033203125
People 0.50234375 0.4609375 0.01484375 0.037109375
People 0.9078125 0.486328125 0.01875 0.046875
People 0.93984375 0.439453125 0.01640625 0.025390625
Cars 0.9125 0.623046875 0.0859375 0.17578125
Cars 0.78125 0.5625 0.1046875 0.103515625
People 0.93828125 0.4951171875 0.01484375 0.0458984375
People 0.784375 0.4482421875 0.0125 0.0146484375
People 0.73515625 0.4443359375 0.01015625 0.0185546875
Cars 0.5515625 0.451171875 0.0109375 0.01171875
People 0.5984375 0.4521484375 0.0078125 0.0244140625
