Cars 0.36953125 0.587890625 0.27421875 0.12890625
People 0.184375 0.4873046875 0.0109375 0.0283203125
People 0.16640625 0.4921875 0.01015625 0.033203125
People 0.5828125 0.4658203125 0.015625 0.0380859375
People 0.68125 0.4873046875 0.01875 0.0595703125
People 0.7203125 0.474609375 0.0203125 0.072265625
Cars 0.81015625 0.451171875 0.03046875 0.05078125
Cars 0.925 0.451171875 0.071875 0.072265625
Cars 0.9515625 0.4892578125 0.046875 0.0595703125
People 0.12734375 0.48828125 0.01015625 0.017578125
People 0.11171875 0.4970703125 0.01015625 0.0263671875
People 0.61640625 0.462890625 0.01015625 0.0390625
People 0.6375 0.458984375 0.0109375 0.041015625
People 0.64453125 0.4462890625 0.01171875 0.0283203125
