Cars 0.19765625 0.5029296875 0.04765625 0.0419921875
Cars 0.42109375 0.4736328125 0.01796875 0.0166015625
Cars 0.39140625 0.474609375 0.02265625 0.01953125
People 0.80703125 0.5751953125 0.03515625 0.1142578125
Bicycles 0.80625 0.65234375 0.0296875 0.068359375
Cars 0.44140625 0.4716796875 0.01171875 0.0146484375
Cars 0.459375 0.470703125 0.009375 0.013671875
People 0.47890625 0.46484375 0.00703125 0.015625
Cars 0.4890625 0.4609375 0.009375 0.01171875
Cars 0.0828125 0.5078125 0.078125 0.068359375
