People 0.98203125 0.4833984375 0.01484375 0.1103515625
People 0.93515625 0.4912109375 0.05234375 0.1689453125
People 0.81015625 0.474609375 0.03671875 0.119140625
People 0.73828125 0.4833984375 0.02734375 0.1064453125
People 0.575 0.4716796875 0.021875 0.0771484375
People 0.2890625 0.4619140625 0.0171875 0.0439453125
Bicycles 0.29140625 0.5 0.01640625 0.02734375
Cars 0.071875 0.4755859375 0.0453125 0.0458984375
Cars 0.6109375 0.4296875 0.0265625 0.02734375
Cars 0.54140625 0.43359375 0.02578125 0.029296875
