Cars 0.0828125 0.5751953125 0.0828125 0.0771484375
Cars 0.20625 0.529296875 0.0625 0.064453125
Cars 0.27734375 0.4951171875 0.04296875 0.0517578125
Cars 0.35078125 0.46875 0.02265625 0.0234375
Cars 0.36796875 0.45703125 0.02265625 0.021484375
Cars 0.3875 0.4541015625 0.015625 0.0205078125
Cars 0.4171875 0.4453125 0.0140625 0.01171875
Cars 0.57734375 0.4794921875 0.04296875 0.0380859375
Cars 0.63203125 0.5029296875 0.05859375 0.0537109375
Cars 0.6859375 0.546875 0.0890625 0.072265625
Cars 0.78515625 0.4755859375 0.03828125 0.0322265625
Cars 0.47265625 0.43359375 0.01015625 0.01171875
Cars 0.54453125 0.4609375 0.01796875 0.025390625
Cars 0.5140625 0.439453125 0.0125 0.015625
Cars 0.5203125 0.44921875 0.0109375 0.015625
Cars 0.3234375 0.486328125 0.0203125 0.03125
People 0.45 0.443359375 0.0078125 0.017578125
People 0.4875 0.4326171875 0.0078125 0.0146484375
