Cars 0.6109375 0.470703125 0.0328125 0.033203125
Cars 0.30078125 0.47265625 0.02578125 0.033203125
Cars 0.225 0.4638671875 0.059375 0.0537109375
Bicycles 0.33515625 0.4951171875 0.01015625 0.0302734375
Bicycles 0.3859375 0.498046875 0.0125 0.03125
People 0.3421875 0.4638671875 0.0171875 0.0458984375
People 0.390625 0.4658203125 0.015625 0.0537109375
Cars 0.4375 0.44921875 0.0140625 0.01171875
People 0.49609375 0.451171875 0.00703125 0.017578125
Bicycles 0.73671875 0.541015625 0.02109375 0.037109375
Bicycles 0.71875 0.5048828125 0.0125 0.0302734375
