Bicycles 0.7734375 0.5546875 0.015625 0.033203125
Bicycles 0.72109375 0.537109375 0.01171875 0.03125
Bicycles 0.67421875 0.52734375 0.01328125 0.025390625
Bicycles 0.6265625 0.5185546875 0.009375 0.0205078125
Bicycles 0.5671875 0.4990234375 0.0125 0.0205078125
Bicycles 0.5875 0.505859375 0.0109375 0.021484375
Bicycles 0.6125 0.5126953125 0.009375 0.0185546875
People 0.77421875 0.515625 0.02265625 0.05859375
People 0.72265625 0.4912109375 0.01640625 0.0439453125
People 0.675 0.4931640625 0.0203125 0.0439453125
People 0.6265625 0.4951171875 0.0109375 0.0302734375
People 0.6109375 0.4833984375 0.0109375 0.0263671875
People 0.5859375 0.4833984375 0.0109375 0.0283203125
People 0.56796875 0.482421875 0.01328125 0.0234375
Cars 0.83828125 0.505859375 0.05859375 0.046875
