Bicycles 0.303125 0.5947265625 0.0375 0.0654296875
People 0.309375 0.505859375 0.0375 0.107421875
People 0.60234375 0.4951171875 0.01484375 0.0634765625
Cars 0.42578125 0.498046875 0.04765625 0.056640625
Cars 0.5484375 0.4990234375 0.0203125 0.0322265625
Cars 0.75625 0.44140625 0.084375 0.013671875
Cars 0.67265625 0.513671875 0.04140625 0.060546875
Cars 0.7984375 0.53515625 0.121875 0.08984375
Cars 0.95546875 0.5322265625 0.04296875 0.1240234375
Cars 0.67421875 0.4287109375 0.04609375 0.0224609375
