People 0.95625 0.4892578125 0.0421875 0.1416015625
Bicycles 0.98203125 0.6357421875 0.01484375 0.0810546875
Bicycles 0.94453125 0.634765625 0.02265625 0.064453125
Bicycles 0.8484375 0.548828125 0.028125 0.048828125
People 0.85390625 0.4951171875 0.02265625 0.0810546875
Cars 0.78046875 0.478515625 0.02890625 0.052734375
People 0.74765625 0.49609375 0.02109375 0.0625
Bicycles 0.7484375 0.5390625 0.0203125 0.03125
Cars 0.46640625 0.4541015625 0.01796875 0.0185546875
Cars 0.49765625 0.4306640625 0.01015625 0.0166015625
People 0.69453125 0.4775390625 0.01640625 0.0537109375
Bicycles 0.6921875 0.5107421875 0.009375 0.0302734375
People 0.64453125 0.466796875 0.01328125 0.04296875
People 0.6671875 0.47265625 0.0125 0.037109375
Bicycles 0.671875 0.5068359375 0.009375 0.0205078125
Bicycles 0.64375 0.4970703125 0.009375 0.0205078125
