Cars 0.98671875 0.58984375 0.01171875 0.083984375
Cars 0.91171875 0.595703125 0.03984375 0.076171875
Cars 0.81640625 0.5439453125 0.13359375 0.0966796875
Cars 0.7359375 0.5126953125 0.0828125 0.0634765625
Cars 0.6984375 0.4931640625 0.06875 0.0478515625
Cars 0.621875 0.5126953125 0.0171875 0.0341796875
Cars 0.66875 0.484375 0.0953125 0.060546875
Cars 0.4546875 0.4873046875 0.0171875 0.0185546875
People 0.17109375 0.4833984375 0.01484375 0.0595703125
People 0.19921875 0.5 0.01015625 0.02734375
People 0.2171875 0.490234375 0.0109375 0.037109375
People 0.2375 0.48046875 0.0125 0.0390625
Cars 0.5640625 0.4921875 0.015625 0.037109375
Cars 0.5453125 0.474609375 0.0234375 0.03125
