Cars 0.8390625 0.6142578125 0.159375 0.1826171875
People 0.51328125 0.5 0.01796875 0.041015625
Cars 0.41875 0.4306640625 0.009375 0.0126953125
Cars 0.4453125 0.4462890625 0.0125 0.0146484375
Cars 0.44375 0.474609375 0.0109375 0.01171875
Cars 0.46640625 0.4814453125 0.02109375 0.0224609375
Cars 0.39140625 0.423828125 0.01015625 0.01171875
Cars 0.36796875 0.4453125 0.01015625 0.013671875
Cars 0.3578125 0.451171875 0.0125 0.013671875
Cars 0.390625 0.4482421875 0.0109375 0.0126953125
Cars 0.33125 0.49609375 0.03125 0.029296875
People 0.08359375 0.486328125 0.01953125 0.0625
People 0.04296875 0.494140625 0.01171875 0.05078125
People 0.01953125 0.4677734375 0.01171875 0.0380859375
Cars 0.0171875 0.5673828125 0.0171875 0.0615234375
