Cars 0.28515625 0.5244140625 0.03515625 0.0341796875
Cars 0.3328125 0.5146484375 0.015625 0.0224609375
Cars 0.415625 0.51171875 0.028125 0.025390625
Cars 0.51328125 0.5595703125 0.07265625 0.0693359375
People 0.83984375 0.5048828125 0.01171875 0.0380859375
People 0.82109375 0.505859375 0.01484375 0.03515625
People 0.01015625 0.5302734375 0.01015625 0.0576171875
People 0.23203125 0.4970703125 0.01015625 0.0166015625
Bicycles 0.81953125 0.5888671875 0.06171875 0.0576171875
People 0.70625 0.49609375 0.009375 0.02734375
People 0.64765625 0.4921875 0.01015625 0.017578125
People 0.56796875 0.5 0.01171875 0.021484375
People 0.67578125 0.4892578125 0.01328125 0.0185546875
