People 0.7171875 0.4736328125 0.0125 0.0361328125
People 0.36328125 0.4873046875 0.01015625 0.0419921875
People 0.3828125 0.4853515625 0.0125 0.0419921875
People 0.1125 0.482421875 0.009375 0.03515625
People 0.09765625 0.4853515625 0.00703125 0.0341796875
People 0.0171875 0.482421875 0.0140625 0.03515625
Cars 0.6890625 0.451171875 0.01875 0.01953125
Cars 0.60078125 0.4560546875 0.02578125 0.0205078125
Cars 0.55078125 0.455078125 0.01796875 0.017578125
Cars 0.5234375 0.4580078125 0.015625 0.0205078125
Cars 0.4921875 0.45703125 0.0171875 0.017578125
Cars 0.45 0.4580078125 0.0203125 0.0166015625
Cars 0.4171875 0.4580078125 0.015625 0.0166015625
Cars 0.34296875 0.4501953125 0.01171875 0.0107421875
Cars 0.31484375 0.44921875 0.01640625 0.01171875
Cars 0.2765625 0.451171875 0.0171875 0.01171875
