Bicycles 0.5265625 0.4853515625 0.009375 0.0361328125
Bicycles 0.48203125 0.4873046875 0.00859375 0.0341796875
People 0.15 0.447265625 0.0125 0.041015625
Bicycles 0.640625 0.484375 0.0140625 0.025390625
Cars 0.98515625 0.4228515625 0.01328125 0.0244140625
Bicycles 0.421875 0.4541015625 0.0046875 0.0126953125
People 0.3640625 0.4423828125 0.0078125 0.0185546875
Bicycles 0.2640625 0.462890625 0.0109375 0.017578125
Bicycles 0.88359375 0.4970703125 0.02265625 0.0537109375
Bicycles 0.84609375 0.5029296875 0.02109375 0.0439453125
Bicycles 0.8125 0.4765625 0.0140625 0.044921875
People 0.73125 0.44140625 0.0125 0.046875
People 0.6984375 0.4306640625 0.0140625 0.0185546875
People 0.6390625 0.4248046875 0.0203125 0.0322265625
People 0.52578125 0.4482421875 0.01640625 0.0576171875
People 0.48046875 0.4580078125 0.01640625 0.0517578125
Cars 0.44140625 0.443359375 0.01171875 0.01171875
People 0.42265625 0.431640625 0.00390625 0.013671875
Cars 0.40625 0.4482421875 0.0125 0.0146484375
People 0.3171875 0.453125 0.0125 0.02734375
Bicycles 0.13359375 0.4892578125 0.01796875 0.0322265625
Bicycles 0.11171875 0.482421875 0.01328125 0.029296875
Bicycles 0.0609375 0.4912109375 0.0140625 0.0380859375
