Cars 0.41640625 0.4765625 0.02734375 0.02734375
People 0.66484375 0.4697265625 0.01484375 0.0478515625
People 0.69453125 0.4677734375 0.01171875 0.0517578125
People 0.71328125 0.4638671875 0.01015625 0.0517578125
Cars 0.8078125 0.4638671875 0.0265625 0.0361328125
Cars 0.92421875 0.447265625 0.07109375 0.07421875
Cars 0.9515625 0.48828125 0.046875 0.064453125
People 0.6 0.458984375 0.0125 0.029296875
People 0.63515625 0.4462890625 0.01171875 0.0302734375
People 0.12578125 0.4873046875 0.01328125 0.0185546875
People 0.09765625 0.46875 0.01328125 0.013671875
People 0.084375 0.4716796875 0.009375 0.0146484375
Cars 0.73046875 0.4560546875 0.01484375 0.0224609375
People 0.3703125 0.4658203125 0.0078125 0.0185546875
People 0.5578125 0.458984375 0.009375 0.025390625
